1 0
2 0
3 0
4 0
5 0
6 0
7 1
8 2
9 2
10 3
11 3
12 4
13 4
14 9
15 49
16 11423
17 27068
18 52858
19 85416
20 120386
22 196300
24 269266
26 336203
28 396357
30 449842
33 518649
36 576271
39 624818
42 665192
46 710276
50 748602
55 787405
60 819711
66 851587
72 877740
79 903248
86 924732
94 944893
103 964515
113 982493
124 998418
136 1013454
149 1027613
163 1039650
179 1050461
196 1060151
215 1069433
236 1078153
259 1085577
284 1091978
312 1098068
343 1103462
377 1108625
414 1112002
455 1115716
500 1118879
550 1121491
