1 38
2 77
3 135
4 198
5 252
6 324
7 411
8 519
9 649
10 750
11 896
12 1088
13 1262
14 1468
15 1709
16 2045
17 29671
18 56662
19 89186
20 124131
22 199663
24 272513
26 339304
28 398945
30 452300
33 520839
36 578450
39 626734
42 666905
46 711792
50 749952
55 788692
60 821052
66 852736
72 878769
79 904225
86 925676
94 945780
103 965357
113 983186
124 999194
136 1014255
149 1028137
163 1040205
179 1051383
196 1060744
215 1069943
236 1078617
259 1085834
284 1092482
312 1098452
343 1103741
377 1109179
414 1112551
455 1115980
500 1119077
550 1121930
605 1124605
665 1126818
731 1128576
804 1130523
