785930
1215438
1513023
1742264
1926938
2081240
2214415
2329727
2432177
2523323
2606055
2682161
2750516
2813643
2871867
2925917
2976141
3023082
3066765
3107722
3145880
3181631
3215600
3247344
3277372
3305686
3332610
3358072
3382233
3405206
3426940
3447629
3467261
3486010
3504052
3521117
3537203
3552557
3567067
3580973
3594401
3607069
3619220
3630966
3642402
3653293
3663766
3673935
3683608
3692896
3701788
3710346
3718407
3726119
3733647
3740912
3747890
3754450
3760737
3766910
3772857
3778715
3784239
3789671
3794838
3799917
3804772
3809408
3813880
3818169
3822435
3826449
3830418
3834059
3837886
3841429
3844905
3848342
3851612
3854848
3857876
3860887
3863753
3866634
3869422
3872052
3874493
3876925
3879398
3881711
3884143
3886390
3888628
3890737
3892747
3894840
3896744
3898625
3900403
3902210
3903956
3905594
3907256
3908917
3910493
3912059
3913537
3914989
3916361
3917769
3919134
3920456
3921784
3923035
3924265
3925550
3926697
3927880
3928948
3930047
3931092
3932153
3933105
3934096
3935084
3936064
3936918
3937743
3938636
3939505
3940391
3941251
3942045
3942854
3943633
3944346
3945135
3945862
3946609
3947285
3947947
3948663
3949319
3949917
3950554
3951236
3951840
3952468
3953030
3953582
3954144
3954719
3955232
3955751
3956239
3956779
3957276
3957745
3958226
3958733
3959227
3959693
3960134
3960540
3960961
3961387
3961760
3962177
3962564
3962954
3963347
3963731
3964125
3964520
3964960
3965352
3965680
3966032
3966368
3966684
3967045
3967372
3967697
3968006
3968356
3968685
3968999
3969303
3969639
3969966
3970243
3970502
3970805
3971082
3971370
3971653
3971926
3972187
3972450
3972740
3972988
3973241
3973478
3973725
3973958
3974224
3974510
3974720
3974940
3975148
3975359
3975571
3975810
3976034
3976252
3976448
3976657
3976876
3977061
3977241
3977433
3977657
3977855
3978023
3978216
3978381
3978554
3978721
3978877
3979038
3979187
3979341
3979481
3979650
3979811
3979961
3980141
3980286
3980429
3980599
3980756
3980906
3981040
3981179
3981306
3981446
3981566
3981695
3981811
3981943
3982054
3982178
3982295
3982414
3982518
3982635
3982742
3982851
3982969
3983087
3983194
3983286
3983391
3983482
3983595
3983704
3983821
3983917
3984026
3984129
3984222
3984324
3984438
3984518
3984618
3984716
3984809
3984903
3985006
3985106
3985215
3985302
3985366
3985448
3985545
3985626
3985720
3985796
3985876
3985961
3986031
3986094
3986157
3986233
3986330
3986406
3986475
3986551
3986627
3986702
3986769
3986839
3986919
3986992
3987067
3987140
3987195
3987274
3987331
3987408
3987479
3987553
3987619
3987693
3987759
3987823
3987881
3987955
3988018
3988081
3988140
3988199
3988262
3988329
3988401
3988460
3988513
3988573
3988630
3988690
3988748
3988803
3988867
3988927
3988970
3989034
3989083
3989128
3989188
3989218
3989269
3989317
3989369
3989420
3989473
3989520
3989569
3989612
3989651
3989699
3989751
3989810
3989853
3989891
3989936
3989983
3990030
3990079
3990126
3990174
3990222
3990267
3990309
3990349
3990379
3990414
3990458
3990492
3990535
3990569
3990615
3990660
3990704
3990752
3990802
3990841
3990882
3990921
3990962
3991001
3991035
3991078
3991130
3991171
3991214
3991253
3991291
3991360
3991427
3991507
3991557
3991601
3991634
3991672
3991717
3991753
3991789
3991834
3991859
3991889
3991923
3991953
3991989
3992017
3992062
3992098
3992131
3992172
3992203
3992232
3992276
3992315
3992353
3992394
3992432
3992471
3992508
3992541
3992582
3992608
3992641
3992666
3992701
3992733
3992768
3992802
3992830
3992849
3992878
3992902
3992927
3992959
3992994
3993017
3993049
3993083
3993116
3993150
3993176
3993211
3993246
3993276
3993305
3993342
3993373
3993397
3993421
3993444
3993464
3993484
3993502
3993527
3993550
3993567
3993580
3993610
3993626
3993652
3993672
3993698
3993715
3993733
3993755
3993780
3993807
3993830
3993857
3993879
3993893
3993916
3993935
3993957
3993970
3993988
3993999
3994015
3994042
3994055
3994065
3994083
3994113
3994125
3994147
3994172
3994190
3994206
3994229
3994243
3994265
3994284
3994305
3994332
3994353
3994377
3994389
3994411
3994428
3994444
3994466
3994487
3994509
3994525
3994543
3994556
3994566
3994586
3994609
3994624
3994638
3994647
3994662
3994673
3994702
3994720
3994736
3994752
3994763
3994777
3994790
3994805
3994819
3994830
3994840
3994853
3994869
3994875
3994893
3994902
3994915
3994924
3994931
3994944
3994950
3994963
3994973
3994979
3994991
3995002
3995011
3995027
3995039
3995048
3995062
3995073
3995084
3995095
3995103
3995121
3995129
3995146
3995159
3995172
3995182
3995194
3995208
3995219
3995236
3995245
3995261
3995270
3995276
3995285
3995299
3995309
3995327
3995335
3995350
3995365
3995384
3995400
3995408
3995412
3995419
3995424
3995434
3995445
3995453
3995467
3995480
3995492
3995505
3995514
3995529
3995537
3995552
3995570
3995579
3995587
3995601
3995617
3995630
3995640
3995651
3995665
3995680
3995694
3995705
3995714
3995729
3995735
3995746
3995756
3995766
3995776
3995788
3995796
3995808
3995818
3995825
3995831
3995842
3995847
3995859
3995869
3995881
3995891
3995901
3995911
3995918
3995923
3995929
3995938
3995953
3995959
3995964
3995971
3995981
3995988
3996001
3996009
3996016
3996023
3996031
3996038
3996046
3996056
3996061
3996074
3996082
3996089
3996094
3996100
3996107
3996113
3996119
3996126
3996139
3996144
3996155
3996167
3996178
3996183
3996188
3996195
3996206
3996214
3996220
3996228
3996239
3996246
3996253
3996261
3996269
3996277
3996286
3996298
3996310
3996316
3996323
3996333
3996342
3996352
3996357
3996364
3996373
3996377
3996384
3996395
3996406
3996411
3996419
3996422
3996428
3996434
3996444
3996453
3996462
3996465
3996471
3996479
3996488
3996493
3996499
3996508
3996512
3996523
3996534
3996546
3996555
3996563
3996572
3996579
3996588
3996596
3996602
3996609
3996616
3996620
3996630
3996641
3996645
3996648
3996656
3996659
3996667
3996672
3996682
3996693
3996696
3996700
3996706
3996717
3996728
3996733
3996737
3996743
3996753
3996758
3996764
3996773
3996779
3996787
3996794
3996804
3996813
3996819
3996828
3996835
3996845
3996852
3996860
3996871
3996880
3996885
3996892
3996898
3996904
3996908
3996919
3996931
3996940
3996947
3996955
3996958
3996963
3996968
3996971
3996974
3996977
3996985
3996992
3996995
3996998
3997006
3997009
3997012
3997018
3997020
3997023
3997026
3997031
3997035
3997038
3997041
3997043
3997044
3997048
3997052
3997055
3997059
3997061
3997064
3997067
3997070
3997073
3997083
3997086
3997090
3997093
3997100
3997105
3997107
3997113
3997115
3997117
3997121
3997123
3997127
3997129
3997132
3997134
3997139
3997143
3997150
3997152
3997154
3997157
3997160
3997161
3997166
3997169
3997171
3997176
3997177
3997181
3997185
3997188
3997189
3997193
3997195
3997196
3997199
3997200
3997202
3997206
3997208
3997209
3997211
3997213
3997215
3997217
3997219
3997220
3997225
3997227
3997230
3997232
3997233
3997238
3997239
3997240
3997244
3997247
3997249
3997252
3997255
3997256
3997259
3997260
3997261
3997262
3997265
3997267
3997270
3997272
3997274
3997278
3997280
3997282
3997284
3997287
3997288
3997289
3997292
3997293
3997294
3997295
3997297
3997298
3997300
3997303
3997305
3997306
3997308
3997309
3997311
3997313
3997316
3997318
3997319
3997320
3997323
3997324
3997325
3997326
3997328
3997330
3997331
3997333
3997337
3997341
3997343
3997344
3997345
3997346
3997347
3997348
3997350
3997351
3997352
3997356
3997358
3997359
3997360
3997365
3997368
3997369
3997370
3997374
3997376
3997378
3997379
3997380
3997382
3997386
3997391
3997392
3997393
3997396
3997398
3997400
3997401
3997403
3997404
3997407
3997410
3997412
3997415
3997416
3997420
3997421
3997423
3997425
3997431
3997435
3997436
3997438
3997439
3997440
3997442
3997443
3997444
3997445
3997446
3997447
3997448
3997450
3997452
3997453
3997455
3997456
3997457
3997458
3997459
3997461
3997463
3997464
3997465
3997466
3997469
3997470
3997472
3997473
3997475
3997476
3997477
3997478
3997480
3997484
3997486
3997487
3997488
3997489
3997490
3997491
3997492
3997493
3997495
3997496
3997497
3997499
3997500
3997503
3997505
3997506
3997508
3997509
3997510
3997511
3997515
3997516
3997518
3997520
3997521
3997523
3997525
3997526
3997528
3997530
3997531
3997532
3997533
3997534
3997535
3997536
3997538
3997539
3997540
3997541
3997543
3997545
3997547
3997548
3997550
3997552
3997553
3997554
3997555
3997558
3997560
3997561
3997562
3997564
3997566
3997567
3997569
3997570
3997571
3997572
3997575
3997576
3997577
3997578
3997579
3997581
3997582
3997583
3997584
3997587
3997588
3997590
3997591
3997592
3997593
3997594
3997596
3997597
3997600
3997601
3997602
3997603
3997604
3997605
3997606
3997608
3997609
3997610
3997612
3997614
3997615
3997617
3997619
3997621
3997622
3997624
3997625
3997626
3997627
3997628
3997630
3997631
3997632
3997633
3997635
3997636
3997639
3997640
3997641
3997642
3997643
3997644
3997646
3997649
3997650
3997651
3997654
3997655
3997656
3997658
3997659
3997660
3997661
3997662
3997664
3997665
3997667
3997669
3997671
3997672
3997674
3997675
3997676
3997677
3997679
3997680
3997681
3997683
3997684
3997687
3997688
3997690
3997691
3997692
3997693
3997694
3997695
3997696
3997697
3997698
3997699
3997700
3997703
3997704
3997706
3997707
3997708
3997709
3997710
3997711
3997712
3997713
3997714
3997717
3997718
3997720
3997723
3997724
3997726
3997727
3997728
3997730
3997732
3997733
3997734
3997736
3997737
3997738
3997739
3997740
3997741
3997742
3997744
3997745
3997746
3997747
3997748
3997749
3997750
3997751
3997752
3997753
3997754
3997755
3997756
3997757
3997758
3997759
3997760
3997761
3997763
3997764
3997766
3997767
3997768
3997769
3997770
3997772
3997773
3997774
3997775
3997776
3997777
3997778
3997779
3997780
3997781
3997782
3997783
3997784
3997785
3997786
3997788
3997789
3997790
3997791
3997792
3997793
3997795
3997796
3997797
3997798
3997799
3997800
3997801
3997802
3997803
3997804
3997805
3997806
3997807
3997808
3997809
3997810
3997811
3997812
3997813
3997815
3997817
3997818
3997819
3997821
3997822
3997823
3997824
3997825
3997828
3997829
3997830
3997831
3997832
3997833
3997834
3997835
3997836
3997837
3997838
3997839
3997840
3997841
3997842
3997843
3997844
3997846
3997847
3997848
3997849
3997850
3997851
3997852
3997853
3997854
3997855
3997856
3997857
3997858
3997859
3997860
3997861
3997862
3997863
3997864
3997865
3997866
3997867
3997868
3997869
3997870
3997871
3997872
3997873
3997874
3997875
3997876
3997877
3997879
3997880
3997881
3997882
3997883
3997884
3997885
3997886
3997887
3997888
3997889
3997890
3997891
3997892
3997893
3997894
3997896
3997897
3997898
3997899
3997900
3997901
3997903
3997904
3997905
3997906
3997907
3997908
3997909
3997910
3997911
3997912
3997913
3997914
3997915
3997916
3997917
3997918
3997919
3997920
3997921
3997923
3997924
3997925
3997926
3997927
3997928
3997929
3997930
3997931
3997932
3997933
3997934
3997935
3997936
3997937
3997938
3997939
3997940
3997941
3997942
3997943
3997944
3997945
3997946
3997947
3997948
3997949
3997950
3997951
3997952
3997953
3997954
3997955
3997956
3997957
3997958
3997959
3997960
3997961
