3072441
1 67767
2 110959
3 149046
4 185900
5 221607
6 256597
7 291300
8 325274
9 358263
10 390526
11 421409
12 451260
13 479481
14 506492
15 532544
16 557137
17 580531
18 602751
19 623639
20 643313
21 662250
22 680092
23 697048
24 713303
25 728568
26 742951
27 756616
28 769587
29 782057
30 793888
31 805080
32 815931
33 826144
34 835751
35 845127
36 854122
37 862582
38 870797
39 878752
40 886348
41 893581
42 900581
43 907316
44 913770
45 920020
46 926000
47 931824
48 937494
49 942970
50 948225
51 953283
52 958146
53 962842
54 967498
55 972024
56 976363
57 980465
58 984543
59 988433
60 992403
61 996033
62 999618
63 1003142
64 1006540
65 1009820
66 1013099
67 1016274
68 1019242
69 1022207
70 1025139
71 1027934
72 1030645
73 1033355
74 1035997
75 1038530
76 1040961
77 1043437
78 1045826
79 1048129
80 1050391
81 1052597
82 1054796
83 1056867
84 1059031
85 1061092
86 1063051
87 1065083
88 1067024
89 1068904
90 1070783
91 1072600
92 1074393
93 1076077
94 1077779
95 1079423
96 1081050
97 1082629
98 1084187
99 1085742
100 1087241
101 1088779
102 1090331
103 1091804
104 1093226
105 1094672
106 1096028
107 1097347
108 1098678
109 1099930
110 1101202
111 1102438
112 1103722
113 1104916
114 1106100
115 1107291
116 1108456
117 1109593
118 1110733
119 1111826
120 1112932
121 1114000
122 1115068
123 1116102
124 1117097
125 1118129
126 1119103
127 1120088
128 1121010
129 1121998
130 1122944
131 1123871
132 1124793
133 1125698
134 1126584
135 1127525
136 1128366
137 1129230
138 1130067
139 1130951
140 1131779
141 1132668
142 1133430
143 1134221
144 1134955
145 1135713
146 1136497
147 1137275
148 1137961
149 1138714
150 1139506
151 1140188
152 1140869
153 1141570
154 1142253
155 1142978
156 1143657
157 1144349
158 1145013
159 1145679
160 1146345
161 1146930
162 1147557
163 1148193
164 1148847
165 1149468
166 1150041
167 1150671
168 1151248
169 1151799
170 1152422
171 1152989
172 1153596
173 1154107
174 1154657
175 1155213
176 1155752
177 1156322
178 1156846
179 1157396
180 1157892
181 1158400
182 1158912
183 1159421
184 1159900
185 1160371
186 1160887
187 1161364
188 1161865
189 1162337
190 1162865
191 1163333
192 1163812
193 1164271
194 1164726
195 1165168
196 1165638
197 1166046
198 1166469
199 1166910
200 1167333
201 1167769
202 1168185
203 1168591
204 1169027
205 1169456
206 1169861
207 1170232
208 1170623
209 1171008
210 1171360
211 1171746
212 1172164
213 1172521
214 1172852
215 1173239
216 1173640
217 1173992
218 1174376
219 1174753
220 1175085
221 1175455
222 1175833
223 1176167
224 1176553
225 1176927
226 1177253
227 1177573
228 1177929
229 1178215
230 1178551
231 1178877
232 1179218
233 1179560
234 1179897
235 1180226
236 1180555
237 1180886
238 1181206
239 1181511
240 1181815
241 1182086
242 1182399
243 1182699
244 1182997
245 1183286
246 1183618
247 1183899
248 1184163
249 1184465
250 1184747
251 1185026
252 1185326
253 1185650
254 1185911
255 1186182
256 1186473
257 1186763
258 1187022
259 1187256
260 1187504
261 1187764
262 1188012
263 1188271
264 1188528
265 1188794
266 1189043
267 1189282
268 1189540
269 1189776
270 1190023
271 1190253
272 1190481
273 1190718
274 1190960
275 1191187
276 1191435
277 1191662
278 1191910
279 1192137
280 1192379
281 1192643
282 1192877
283 1193097
284 1193312
285 1193530
286 1193749
287 1193973
288 1194207
289 1194421
290 1194617
291 1194842
292 1195079
293 1195287
294 1195489
295 1195707
296 1195907
297 1196125
298 1196376
299 1196561
300 1196784
301 1196962
302 1197168
303 1197370
304 1197581
305 1197787
306 1197950
307 1198157
308 1198361
309 1198563
310 1198744
311 1198958
312 1199152
313 1199349
314 1199521
315 1199711
316 1199888
317 1200072
318 1200256
319 1200428
320 1200639
321 1200824
322 1201006
323 1201174
324 1201361
325 1201536
326 1201710
327 1201909
328 1202081
329 1202250
330 1202435
331 1202599
332 1202777
333 1202956
334 1203140
335 1203306
336 1203442
337 1203612
338 1203767
339 1203923
340 1204085
341 1204277
342 1204451
343 1204617
344 1204774
345 1204928
346 1205081
347 1205226
348 1205393
349 1205564
350 1205734
351 1205891
352 1206038
353 1206210
354 1206371
355 1206522
356 1206658
357 1206814
358 1206939
359 1207084
360 1207204
361 1207347
362 1207495
363 1207628
364 1207774
365 1207907
366 1208068
367 1208194
368 1208333
369 1208464
370 1208613
371 1208755
372 1208892
373 1209038
374 1209175
375 1209316
376 1209464
377 1209596
378 1209739
379 1209875
380 1210031
381 1210174
382 1210306
383 1210425
384 1210544
385 1210655
386 1210777
387 1210924
388 1211059
389 1211174
390 1211302
391 1211421
392 1211526
393 1211644
394 1211757
395 1211879
396 1211991
397 1212114
398 1212242
399 1212351
400 1212458
401 1212571
402 1212678
403 1212813
404 1212948
405 1213080
406 1213194
407 1213319
408 1213443
409 1213565
410 1213682
411 1213811
412 1213923
413 1214015
414 1214140
415 1214265
416 1214361
417 1214454
418 1214565
419 1214673
420 1214783
421 1214883
422 1214996
423 1215092
424 1215217
425 1215341
426 1215436
427 1215547
428 1215663
429 1215764
430 1215880
431 1215975
432 1216088
433 1216180
434 1216281
435 1216378
436 1216481
437 1216581
438 1216699
439 1216795
440 1216878
441 1216981
442 1217088
443 1217176
444 1217283
445 1217373
446 1217468
447 1217559
448 1217665
449 1217764
450 1217850
451 1217954
452 1218049
453 1218140
454 1218225
455 1218318
456 1218406
457 1218504
458 1218604
459 1218706
460 1218796
461 1218892
462 1218975
463 1219062
464 1219141
465 1219233
466 1219331
467 1219414
468 1219504
469 1219598
470 1219690
471 1219787
472 1219891
473 1219968
474 1220056
475 1220136
476 1220218
477 1220307
478 1220392
479 1220470
480 1220565
481 1220658
482 1220740
483 1220830
484 1220908
485 1220986
486 1221069
487 1221152
488 1221249
489 1221335
490 1221414
491 1221482
492 1221574
493 1221672
494 1221783
495 1221863
496 1221936
497 1222015
498 1222103
499 1222176
500 1222260
501 1222344
502 1222429
503 1222511
504 1222575
505 1222654
506 1222730
507 1222799
508 1222882
509 1222960
510 1223042
511 1223118
512 1223192
513 1223261
514 1223343
515 1223416
516 1223511
517 1223608
518 1223683
519 1223760
520 1223831
521 1223883
522 1223953
523 1224030
524 1224115
525 1224188
526 1224276
527 1224339
528 1224401
529 1224471
530 1224521
531 1224589
532 1224664
533 1224735
534 1224810
535 1224877
536 1224953
537 1225022
538 1225092
539 1225159
540 1225227
541 1225302
542 1225385
543 1225461
544 1225531
545 1225591
546 1225667
547 1225731
548 1225798
549 1225872
550 1225947
551 1226030
552 1226093
553 1226161
554 1226246
555 1226312
556 1226373
557 1226430
558 1226494
559 1226562
560 1226633
561 1226695
562 1226767
563 1226813
564 1226871
565 1226940
566 1227021
567 1227082
568 1227149
569 1227213
570 1227279
571 1227343
572 1227401
573 1227476
574 1227526
575 1227595
576 1227640
577 1227702
578 1227771
579 1227821
580 1227879
581 1227943
582 1227994
583 1228047
584 1228118
585 1228181
586 1228232
587 1228293
588 1228350
589 1228394
590 1228441
591 1228505
592 1228562
593 1228615
594 1228668
595 1228715
596 1228782
597 1228832
598 1228893
599 1228949
600 1229008
601 1229053
602 1229103
603 1229175
604 1229239
605 1229293
606 1229350
607 1229396
608 1229440
609 1229503
610 1229555
611 1229620
612 1229676
613 1229733
614 1229783
615 1229841
616 1229897
617 1229953
618 1230017
619 1230070
620 1230141
621 1230209
622 1230273
623 1230325
624 1230370
625 1230420
626 1230473
627 1230520
628 1230572
629 1230616
630 1230665
631 1230733
632 1230785
633 1230831
634 1230896
635 1230952
636 1230986
637 1231032
638 1231085
639 1231127
640 1231170
641 1231227
642 1231267
643 1231324
644 1231361
645 1231402
646 1231456
647 1231512
648 1231570
649 1231616
650 1231654
651 1231698
652 1231755
653 1231798
654 1231847
655 1231899
656 1231957
657 1232006
658 1232045
659 1232094
660 1232150
661 1232205
662 1232257
663 1232306
664 1232350
665 1232396
666 1232452
667 1232497
668 1232542
669 1232591
670 1232626
671 1232663
672 1232707
673 1232757
674 1232805
675 1232844
676 1232889
677 1232933
678 1232977
679 1233027
680 1233068
681 1233102
682 1233142
683 1233192
684 1233236
685 1233271
686 1233316
687 1233371
688 1233404
689 1233460
690 1233503
691 1233542
692 1233582
693 1233632
694 1233677
695 1233719
696 1233771
697 1233834
698 1233876
699 1233916
700 1233968
701 1234019
702 1234056
703 1234117
704 1234161
705 1234209
706 1234256
707 1234299
708 1234336
709 1234382
710 1234428
711 1234463
712 1234498
713 1234548
714 1234577
715 1234619
716 1234661
717 1234700
718 1234742
719 1234781
720 1234830
721 1234861
722 1234902
723 1234941
724 1234983
725 1235028
726 1235074
727 1235115
728 1235154
729 1235205
730 1235250
731 1235290
732 1235334
733 1235378
734 1235429
735 1235458
736 1235500
737 1235540
738 1235574
739 1235617
740 1235653
741 1235697
742 1235745
743 1235797
744 1235836
745 1235875
746 1235911
747 1235948
748 1235988
749 1236031
750 1236059
751 1236094
752 1236135
753 1236171
754 1236207
755 1236254
756 1236287
757 1236335
758 1236373
759 1236422
760 1236452
761 1236485
762 1236526
763 1236564
764 1236614
765 1236664
766 1236699
767 1236738
768 1236776
769 1236803
770 1236832
771 1236872
772 1236909
773 1236945
774 1236979
775 1237010
776 1237041
777 1237069
778 1237110
779 1237148
780 1237179
781 1237217
782 1237254
783 1237290
784 1237334
785 1237366
786 1237396
787 1237429
788 1237474
789 1237505
790 1237534
791 1237567
792 1237600
793 1237632
794 1237664
795 1237697
796 1237734
797 1237770
798 1237809
799 1237840
800 1237878
801 1237908
802 1237941
803 1237976
804 1238009
805 1238038
806 1238076
807 1238103
808 1238142
809 1238182
810 1238211
811 1238247
812 1238288
813 1238322
814 1238361
815 1238404
816 1238449
817 1238478
818 1238523
819 1238548
820 1238589
821 1238627
822 1238663
823 1238694
824 1238728
825 1238753
826 1238784
827 1238823
828 1238851
829 1238887
830 1238914
831 1238942
832 1238976
833 1239007
834 1239034
835 1239067
836 1239097
837 1239119
838 1239157
839 1239188
840 1239212
841 1239246
842 1239276
843 1239310
844 1239334
845 1239363
846 1239397
847 1239431
848 1239456
849 1239482
850 1239513
851 1239542
852 1239565
853 1239594
854 1239620
855 1239647
856 1239668
857 1239702
858 1239733
859 1239759
860 1239794
861 1239820
862 1239844
863 1239869
864 1239897
865 1239923
866 1239948
867 1239976
868 1239997
869 1240028
870 1240055
871 1240086
872 1240110
873 1240142
874 1240171
875 1240193
876 1240223
877 1240244
878 1240265
879 1240290
880 1240324
881 1240346
882 1240371
883 1240398
884 1240435
885 1240459
886 1240488
887 1240510
888 1240544
889 1240574
890 1240605
891 1240630
892 1240661
893 1240690
894 1240716
895 1240746
896 1240773
897 1240800
898 1240825
899 1240847
900 1240875
901 1240906
902 1240935
903 1240965
904 1240979
905 1241004
906 1241029
907 1241059
908 1241088
909 1241116
910 1241141
911 1241169
912 1241206
913 1241224
914 1241249
915 1241273
916 1241300
917 1241324
918 1241352
919 1241381
920 1241403
921 1241426
922 1241450
923 1241475
924 1241508
925 1241546
926 1241570
927 1241595
928 1241623
929 1241655
930 1241684
931 1241710
932 1241738
933 1241767
934 1241791
935 1241816
936 1241843
937 1241875
938 1241904
939 1241927
940 1241965
941 1241986
942 1242016
943 1242045
944 1242071
945 1242092
946 1242125
947 1242148
948 1242174
949 1242207
950 1242233
951 1242260
952 1242282
953 1242311
954 1242327
955 1242354
956 1242372
957 1242405
958 1242423
959 1242442
960 1242461
961 1242481
962 1242498
963 1242519
964 1242548
965 1242570
966 1242585
967 1242605
968 1242626
969 1242653
970 1242676
971 1242700
972 1242724
973 1242748
974 1242785
975 1242819
976 1242843
977 1242874
978 1242905
979 1242929
980 1242953
981 1242980
982 1243002
983 1243025
984 1243045
985 1243067
986 1243089
987 1243116
988 1243144
989 1243163
990 1243190
991 1243215
992 1243230
993 1243259
994 1243285
995 1243305
996 1243324
997 1243355
998 1243384
999 1243407
1000 1243408
