1 67767
2 110963
3 149068
4 185901
5 221596
6 256530
7 291169
8 324995
9 357801
10 389814
11 420267
12 449544
13 477089
14 503305
15 528308
16 551867
17 573962
18 594752
19 614165
20 632190
22 665188
24 693991
26 719124
28 740903
30 759899
33 784156
36 804208
39 820614
42 834701
46 849788
50 861441
55 873301
60 882502
66 891105
72 897145
79 902244
86 905641
94 908518
103 910487
113 911980
124 913060
136 912122
149 912056
163 911017
179 909238
196 907972
215 906246
236 904033
259 900751
284 897658
312 895468
343 892706
377 888939
414 885303
455 882409
500 879535
550 876076
605 873287
665 870045
731 867255
804 864342
884 861978
972 859447
1000 859257
