3997962
1 785930
2 1209170
3 1495854
4 1710897
5 1879494
6 2015404
7 2127758
8 2221000
9 2299837
10 2367430
11 2425581
12 2476522
13 2520184
14 2558718
15 2592657
16 2622984
17 2650006
18 2674661
19 2697051
20 2717427
21 2735880
22 2752769
23 2768121
24 2782419
25 2795759
26 2807902
27 2819226
28 2830035
29 2839897
30 2849274
31 2858244
32 2866649
33 2874550
34 2881929
35 2888848
36 2895637
37 2901959
38 2907863
39 2913457
40 2918919
41 2924068
42 2929025
43 2933758
44 2938228
45 2942701
46 2946968
47 2951046
48 2954947
49 2958714
50 2962267
51 2965686
52 2969022
53 2972318
54 2975411
55 2978310
56 2981255
57 2984052
58 2986754
59 2989352
60 2991864
61 2994313
62 2996727
63 2998962
64 3001157
65 3003257
66 3005352
67 3007378
68 3009325
69 3011224
70 3013036
71 3014815
72 3016615
73 3018333
74 3019941
75 3021481
76 3023078
77 3024621
78 3026118
79 3027586
80 3029095
81 3030477
82 3031826
83 3033202
84 3034493
85 3035793
86 3037103
87 3038372
88 3039619
89 3040835
90 3041935
91 3043214
92 3044282
93 3045361
94 3046430
95 3047506
96 3048544
97 3049544
98 3050489
99 3051378
100 3051379
