3072441
1 67767 0.302616
2 110959 0.219728
3 149046 0.220234
4 185900 0.227261
5 221607 0.259036
6 256597 0.260181
7 291300 0.279781
8 325274 0.291719
9 358263 0.316441
10 390526 0.337493
11 421409 0.361221
12 451260 0.38527
13 479481 0.402378
14 506492 0.427981
15 532544 0.464162
16 557137 0.493787
17 580531 0.556647
18 602751 0.594339
19 623639 0.626047
20 643313 0.650459
21 662250 0.696069
22 680092 0.748486
23 697048 0.796207
24 713303 0.824577
25 728568 0.848464
26 742951 0.910836
27 756616 0.910688
28 769587 0.957228
29 782057 0.996065
30 793888 1.04133
31 805080 1.10244
32 815931 1.14824
33 826144 1.16447
34 835751 1.18206
35 845127 1.24087
36 854122 1.28613
37 862582 1.32835
38 870797 1.38077
39 878752 1.4347
40 886348 1.44776
41 893581 1.45932
42 900581 1.53045
43 907316 1.55237
44 913770 1.5807
45 920020 1.60981
46 926000 1.64097
47 931824 1.6788
48 937494 1.71832
49 942970 1.74238
50 948225 1.78401
51 953283 1.8176
52 958146 1.87844
53 962842 1.86508
54 967498 1.89278
55 972024 1.93976
56 976363 1.94395
57 980465 1.98419
58 984543 2.05496
59 988433 2.03703
60 992403 2.09343
61 996033 2.06889
62 999618 2.12907
63 1003142 2.1222
64 1006540 2.12238
65 1009820 2.16609
66 1013099 2.20213
67 1016274 2.23689
68 1019242 2.25065
69 1022207 2.2636
70 1025139 2.25075
71 1027934 2.28002
72 1030645 2.28024
73 1033355 2.36834
74 1035997 2.31832
75 1038530 2.34132
76 1040961 2.36194
77 1043437 3.90409
78 1045826 2.4102
79 1048129 2.46318
80 1050391 2.41665
81 1052597 2.4153
82 1054796 2.43131
83 1056867 2.45343
84 1059031 2.48929
85 1061092 2.54311
86 1063051 2.48895
87 1065083 2.5071
88 1067024 2.55514
89 1068904 2.53068
90 1070783 2.52969
91 1072600 2.60642
92 1074393 2.5578
93 1076077 2.54792
94 1077779 2.61498
95 1079423 2.79106
96 1081050 2.57616
97 1082629 2.60977
98 1084187 2.65872
99 1085742 2.62987
100 1087241 2.65098
101 1088779 2.67213
102 1090331 2.68296
103 1091804 2.71339
104 1093226 2.65562
105 1094672 2.69874
106 1096028 2.64703
107 1097347 2.68357
108 1098678 2.62593
109 1099930 2.71405
110 1101202 2.74363
111 1102438 2.6968
112 1103722 2.72475
113 1104916 2.73909
114 1106100 2.74326
115 1107291 2.71671
116 1108456 2.73398
117 1109593 2.74558
118 1110733 2.70734
119 1111826 2.8162
120 1112932 2.72607
121 1114000 2.76765
122 1115068 2.78979
123 1116102 2.73361
124 1117097 2.7866
125 1118129 2.73251
126 1119103 2.76055
127 1120088 2.80879
128 1121010 2.731
129 1121998 2.73147
130 1122944 2.78777
131 1123871 2.67862
132 1124793 2.68147
133 1125698 2.79576
134 1126584 2.69684
135 1127525 2.75114
136 1128366 2.70101
137 1129230 2.78437
138 1130067 2.74262
139 1130951 2.73043
140 1131779 2.74067
141 1132668 2.71024
142 1133430 2.73401
143 1134221 2.69963
144 1134955 2.7751
145 1135713 2.83318
146 1136497 2.77274
147 1137275 2.7089
148 1137961 2.77474
149 1138714 2.79505
150 1139506 2.71388
151 1140188 2.71763
152 1140869 2.81198
153 1141570 2.74511
154 1142253 2.8442
155 1142978 2.79118
156 1143657 2.73067
157 1144349 2.82653
158 1145013 2.7041
159 1145679 2.75882
160 1146345 2.7984
161 1146930 2.72346
162 1147557 2.74913
163 1148193 2.77699
164 1148847 2.70412
165 1149468 2.70262
166 1150041 2.73649
167 1150671 2.80631
168 1151248 2.82627
169 1151799 2.79055
170 1152422 2.72661
171 1152989 2.79319
172 1153596 2.70672
173 1154107 2.7885
174 1154657 2.86699
175 1155213 2.75343
176 1155752 2.68364
177 1156322 2.75778
178 1156846 2.74625
179 1157396 2.77277
180 1157892 2.7328
181 1158400 2.72614
182 1158912 2.74176
183 1159421 2.70566
184 1159900 2.74237
185 1160371 2.75947
186 1160887 2.73196
187 1161364 2.73278
188 1161865 2.73891
189 1162337 2.80752
190 1162865 2.72565
191 1163333 2.75149
192 1163812 2.7347
193 1164271 2.74452
194 1164726 2.68801
195 1165168 2.65912
196 1165638 2.71763
197 1166046 2.71768
198 1166469 2.72325
199 1166910 2.69303
200 1167333 2.7228
201 1167769 2.79295
202 1168185 2.68927
203 1168591 2.73753
204 1169027 2.75314
205 1169456 2.72453
206 1169861 2.69055
207 1170232 2.73731
208 1170623 2.62437
209 1171008 3.02056
210 1171360 3.11339
211 1171746 3.27492
212 1172164 3.34659
213 1172521 3.20026
214 1172852 3.06161
215 1173239 3.15648
216 1173640 3.14634
217 1173992 2.99186
218 1174376 3.05924
219 1174753 2.94536
220 1175085 3.04009
221 1175455 3.0223
222 1175833 3.07124
223 1176167 2.98264
224 1176553 2.95426
225 1176927 3.04002
226 1177253 2.89771
227 1177573 2.92849
228 1177929 2.98979
229 1178215 2.91386
230 1178551 3.00235
231 1178877 2.95151
232 1179218 2.96584
233 1179560 2.92643
234 1179897 2.95885
235 1180226 2.97449
236 1180555 2.89982
237 1180886 2.89776
238 1181206 2.93032
239 1181511 2.87396
240 1181815 2.95129
241 1182086 2.94167
242 1182399 3.01514
243 1182699 2.93046
244 1182997 2.94357
245 1183286 2.83956
246 1183618 2.95766
247 1183899 2.87968
248 1184163 2.95082
249 1184465 2.90886
250 1184747 2.96674
251 1185026 2.88065
252 1185326 2.98807
253 1185650 2.99642
254 1185911 2.87763
255 1186182 2.8104
256 1186473 2.87197
257 1186763 2.9315
258 1187022 2.97608
259 1187256 2.96002
260 1187504 2.94974
261 1187764 2.87366
262 1188012 2.93279
263 1188271 2.95504
264 1188528 2.98692
265 1188794 2.91963
266 1189043 2.89056
267 1189282 2.90821
268 1189540 2.92708
269 1189776 2.87393
270 1190023 2.91588
271 1190253 2.82609
272 1190481 2.89401
273 1190718 2.77424
274 1190960 2.8502
275 1191187 2.86174
276 1191435 2.87456
277 1191662 2.97338
278 1191910 2.88274
279 1192137 2.93991
280 1192379 2.90576
281 1192643 2.90916
282 1192877 2.8951
283 1193097 2.85524
284 1193312 2.82772
285 1193530 2.89797
286 1193749 2.92689
287 1193973 2.85464
288 1194207 2.83335
289 1194421 2.86591
290 1194617 2.97183
291 1194842 2.87857
292 1195079 2.93828
293 1195287 2.99279
294 1195489 2.85963
295 1195707 2.88373
296 1195907 2.89496
297 1196125 2.91804
298 1196376 2.93779
299 1196561 2.84253
300 1196784 2.86901
301 1196962 2.86683
302 1197168 2.84094
303 1197370 2.89138
304 1197581 2.91367
305 1197787 2.9082
306 1197950 2.87695
307 1198157 2.88752
308 1198361 2.91207
309 1198563 2.90369
310 1198744 2.86318
311 1198958 2.91439
312 1199152 2.85091
313 1199349 2.89827
314 1199521 2.89551
315 1199711 2.89245
316 1199888 2.83798
317 1200072 2.97361
318 1200256 2.87439
319 1200428 2.93923
320 1200639 2.92492
321 1200824 2.83695
322 1201006 2.78839
323 1201174 2.88549
324 1201361 2.95718
325 1201536 2.88135
326 1201710 2.87641
327 1201909 2.92906
328 1202081 2.90572
329 1202250 2.85313
330 1202435 2.86675
331 1202599 2.96172
332 1202777 2.8609
333 1202956 2.85599
334 1203140 3.00105
335 1203306 2.86198
336 1203442 3.0407
337 1203612 2.86264
338 1203767 2.96978
339 1203923 2.92499
340 1204085 3.05384
341 1204277 2.91756
342 1204451 3.01942
343 1204617 2.92065
344 1204774 2.77914
345 1204928 2.8479
346 1205081 2.92619
347 1205226 2.93959
348 1205393 2.93014
349 1205564 2.92632
350 1205734 2.96401
351 1205891 2.88885
352 1206038 2.96002
353 1206210 2.93288
354 1206371 2.94277
355 1206522 2.98098
356 1206658 3.00945
357 1206814 2.93757
358 1206939 2.97238
359 1207084 2.81564
360 1207204 3.03038
361 1207347 2.96189
362 1207495 2.9619
363 1207628 2.99954
364 1207774 2.97232
365 1207907 2.90998
366 1208068 2.93844
367 1208194 2.92854
368 1208333 2.90774
369 1208464 2.8549
370 1208613 2.8745
371 1208755 2.9082
372 1208892 2.93773
373 1209038 2.92205
374 1209175 2.88703
375 1209316 2.89132
376 1209464 2.94523
377 1209596 3.02781
378 1209739 2.89694
379 1209875 2.9044
380 1210031 2.84579
381 1210174 2.95072
382 1210306 2.83671
383 1210425 3.00564
384 1210544 3.08389
385 1210655 2.85189
386 1210777 2.83155
387 1210924 3.0113
388 1211059 3.00339
389 1211174 2.79458
390 1211302 2.88961
391 1211421 2.91532
392 1211526 2.83504
393 1211644 2.82332
394 1211757 2.94135
395 1211879 2.89372
396 1211991 2.9696
397 1212114 2.97508
398 1212242 2.88105
399 1212351 2.82773
400 1212458 2.84498
401 1212571 3.03382
402 1212678 2.88629
403 1212813 2.94072
404 1212948 2.95867
405 1213080 2.85079
406 1213194 2.9231
407 1213319 2.73005
408 1213443 3.02733
409 1213565 2.95411
410 1213682 2.90958
411 1213811 3.02311
412 1213923 2.96762
413 1214015 2.93445
414 1214140 2.91831
415 1214265 2.94623
416 1214361 2.91887
417 1214454 2.95591
418 1214565 2.81592
419 1214673 2.85685
420 1214783 2.97896
421 1214883 2.89724
422 1214996 3.04556
423 1215092 2.89894
424 1215217 3.03137
425 1215341 2.87648
426 1215436 2.88074
427 1215547 2.83979
428 1215663 2.88327
429 1215764 2.94476
430 1215880 3.0842
431 1215975 2.96699
432 1216088 3.03306
433 1216180 2.80979
434 1216281 3.0238
435 1216378 2.9539
436 1216481 2.87755
437 1216581 2.82811
438 1216699 2.95033
439 1216795 2.89492
440 1216878 2.95225
441 1216981 2.96505
442 1217088 2.9024
443 1217176 3.00897
444 1217283 2.73679
445 1217373 2.81742
446 1217468 2.91465
447 1217559 2.99473
448 1217665 3.0377
449 1217764 2.88747
450 1217850 2.89847
451 1217954 2.86301
452 1218049 2.87143
453 1218140 2.8923
454 1218225 2.89899
455 1218318 2.91799
456 1218406 2.81289
457 1218504 2.97275
458 1218604 2.894
459 1218706 2.89073
460 1218796 2.8209
461 1218892 3.00202
462 1218975 2.94072
463 1219062 2.92504
464 1219141 2.95084
465 1219233 2.95138
466 1219331 2.88051
467 1219414 2.98161
468 1219504 2.90334
469 1219598 2.94223
470 1219690 2.92662
471 1219787 2.80136
472 1219891 2.95878
473 1219968 2.82673
474 1220056 2.84173
475 1220136 2.93322
476 1220218 2.9403
477 1220307 2.85282
478 1220392 2.87123
479 1220470 2.88349
480 1220565 2.94851
481 1220658 2.96764
482 1220740 2.94197
483 1220830 2.9251
484 1220908 3.01515
485 1220986 3.03442
486 1221069 2.88974
487 1221152 2.96771
488 1221249 3.01499
489 1221335 2.8623
490 1221414 2.94272
491 1221482 3.02655
492 1221574 2.79295
493 1221672 2.96361
494 1221783 2.90061
495 1221863 3.06959
496 1221936 3.04972
497 1222015 2.91809
498 1222103 2.94582
499 1222176 2.95569
500 1222260 2.81606
501 1222344 3.03571
502 1222429 2.85259
503 1222511 3.0163
504 1222575 3.07117
505 1222654 3.29116
506 1222730 2.92215
507 1222799 2.78077
508 1222882 3.04969
509 1222960 2.79879
510 1223042 3.02737
511 1223118 2.94046
512 1223192 3.02581
513 1223261 2.87994
514 1223343 2.93078
515 1223416 2.94419
516 1223511 2.89588
517 1223608 2.96507
518 1223683 2.87221
519 1223760 2.98383
520 1223831 2.87332
521 1223883 2.90257
522 1223953 2.93166
523 1224030 2.88335
524 1224115 2.99746
525 1224188 2.94149
526 1224276 2.77445
527 1224339 2.86133
528 1224401 2.85532
529 1224471 2.9605
530 1224521 3.03703
531 1224589 2.94688
532 1224664 2.85358
533 1224735 2.87515
534 1224810 2.89182
535 1224877 2.87856
536 1224953 2.98018
537 1225022 2.73695
538 1225092 3.02286
539 1225159 2.75794
540 1225227 3.01796
541 1225302 2.93159
542 1225385 2.89814
543 1225461 2.97559
544 1225531 2.95354
545 1225591 2.75718
546 1225667 2.98305
547 1225731 2.95254
548 1225798 2.97027
549 1225872 2.78709
550 1225947 2.92147
551 1226030 2.88398
552 1226093 3.03902
553 1226161 2.87661
554 1226246 2.90947
555 1226312 2.80275
556 1226373 3.15638
557 1226430 2.82466
558 1226494 2.74902
559 1226562 2.88723
560 1226633 3.07128
561 1226695 3.04012
562 1226767 2.92066
563 1226813 3.03749
564 1226871 2.80471
565 1226940 2.95961
566 1227021 2.85017
567 1227082 2.88415
568 1227149 2.86789
569 1227213 2.98479
570 1227279 3.06685
571 1227343 2.87027
572 1227401 4.21607
573 1227476 3.29985
574 1227526 2.81929
575 1227595 2.91122
576 1227640 3.12923
577 1227702 2.92929
578 1227771 2.88514
579 1227821 2.98212
580 1227879 3.13436
581 1227943 3.0092
582 1227994 2.84761
583 1228047 3.1239
584 1228118 3.04283
585 1228181 2.91761
586 1228232 2.91966
587 1228293 2.81471
588 1228350 3.07455
589 1228394 2.65721
590 1228441 3.13925
591 1228505 3.00307
592 1228562 2.62037
593 1228615 3.06423
594 1228668 3.11058
595 1228715 2.91786
596 1228782 2.79561
597 1228832 2.92597
598 1228893 2.98418
599 1228949 3.13928
600 1229008 2.99926
601 1229053 3.0033
602 1229103 2.98276
603 1229175 3.01824
604 1229239 2.9963
605 1229293 3.04965
606 1229350 3.08009
607 1229396 3.14211
608 1229440 3.12809
609 1229503 2.91945
610 1229555 2.898
611 1229620 3.11292
612 1229676 3.03394
613 1229733 2.98528
614 1229783 2.99717
615 1229841 2.87302
616 1229897 3.02584
617 1229953 2.95278
618 1230017 3.00207
619 1230070 2.81882
620 1230141 2.93183
621 1230209 3.06136
622 1230273 3.12165
623 1230325 2.95363
624 1230370 3.08031
625 1230420 2.97797
626 1230473 2.95183
627 1230520 3.26317
628 1230572 2.97379
629 1230616 3.1401
630 1230665 3.01246
631 1230733 3.12642
632 1230785 3.02176
633 1230831 3.01392
634 1230896 2.83334
635 1230952 3.1905
636 1230986 2.91308
637 1231032 2.89824
638 1231085 3.00197
639 1231127 2.97169
640 1231170 2.99167
641 1231227 3.08611
642 1231267 2.93617
643 1231324 2.97113
644 1231361 2.81213
645 1231402 2.94972
646 1231456 2.95318
647 1231512 3.04254
648 1231570 3.12281
649 1231616 3.05807
650 1231654 3.02941
651 1231698 3.03765
652 1231755 3.13858
653 1231798 2.97377
654 1231847 2.97151
655 1231899 3.03013
656 1231957 3.10159
657 1232006 2.98085
658 1232045 3.09632
659 1232094 2.8868
660 1232150 3.13858
661 1232205 3.0035
662 1232257 3.08386
663 1232306 3.3532
664 1232350 3.15321
665 1232396 3.21489
666 1232452 2.98239
667 1232497 3.05011
668 1232542 2.99177
669 1232591 2.95939
670 1232626 3.2162
671 1232663 2.92019
672 1232707 3.14472
673 1232757 2.9496
674 1232805 3.1156
675 1232844 2.98367
676 1232889 3.11234
677 1232933 2.98621
678 1232977 2.85845
679 1233027 3.17704
680 1233068 2.9315
681 1233102 3.18734
682 1233142 3.08772
683 1233192 2.9882
684 1233236 3.00517
685 1233271 3.00983
686 1233316 3.20036
687 1233371 2.97044
688 1233404 3.29182
689 1233460 3.09543
690 1233503 2.8863
691 1233542 3.13076
692 1233582 3.05916
693 1233632 3.06474
694 1233677 3.25832
695 1233719 3.03248
696 1233771 3.34428
697 1233834 3.07783
698 1233876 3.03762
699 1233916 2.83413
700 1233968 3.08846
701 1234019 3.07784
702 1234056 2.78198
703 1234117 3.32805
704 1234161 3.13169
705 1234209 3.24637
706 1234256 3.05038
707 1234299 3.22831
708 1234336 3.09318
709 1234382 3.14868
710 1234428 3.14295
711 1234463 3.09741
712 1234498 2.97787
713 1234548 3.00637
714 1234577 3.16637
715 1234619 3.21489
716 1234661 3.12129
717 1234700 3.06808
718 1234742 3.10145
719 1234781 3.12241
720 1234830 3.15515
721 1234861 3.13216
722 1234902 3.33276
723 1234941 3.26113
724 1234983 2.80809
725 1235028 3.38635
726 1235074 3.01559
727 1235115 3.22294
728 1235154 2.76011
729 1235205 3.37802
730 1235250 3.04811
731 1235290 3.01441
732 1235334 3.11732
733 1235378 3.11514
734 1235429 3.22444
735 1235458 3.00311
736 1235500 3.01756
737 1235540 3.12304
738 1235574 2.90176
739 1235617 3.26652
740 1235653 3.39803
741 1235697 3.21721
742 1235745 3.21112
743 1235797 3.02413
744 1235836 3.03053
745 1235875 3.2124
746 1235911 3.23474
747 1235948 2.95837
748 1235988 3.18674
749 1236031 2.87656
750 1236059 3.01226
751 1236094 3.31269
752 1236135 3.20399
753 1236171 3.22223
754 1236207 3.22665
755 1236254 3.12185
756 1236287 3.07357
757 1236335 2.95863
758 1236373 3.24362
759 1236422 2.9717
760 1236452 3.22236
761 1236485 3.26109
762 1236526 3.19144
763 1236564 2.97357
764 1236614 3.13843
765 1236664 3.30156
766 1236699 2.97897
767 1236738 3.06701
768 1236776 3.01216
769 1236803 3.20137
770 1236832 3.05239
771 1236872 2.94395
772 1236909 3.20835
773 1236945 3.22963
774 1236979 3.20268
775 1237010 3.29542
776 1237041 2.82431
777 1237069 3.39141
778 1237110 3.29121
779 1237148 3.38588
780 1237179 3.36761
781 1237217 3.02037
782 1237254 3.25884
783 1237290 3.20574
784 1237334 3.131
785 1237366 3.1163
786 1237396 3.25288
787 1237429 3.17284
788 1237474 3.10967
789 1237505 3.16283
790 1237534 3.04796
791 1237567 3.08851
792 1237600 3.1673
793 1237632 3.30423
794 1237664 3.18002
795 1237697 3.0619
796 1237734 3.22515
797 1237770 3.26355
798 1237809 3.18659
799 1237840 3.38816
800 1237878 3.12406
801 1237908 3.23572
802 1237941 3.25282
803 1237976 3.03847
804 1238009 3.40207
805 1238038 3.22651
806 1238076 3.13928
807 1238103 2.8287
808 1238142 3.1616
809 1238182 3.31851
810 1238211 3.05852
811 1238247 3.3515
812 1238288 3.17197
813 1238322 3.44455
814 1238361 2.97996
815 1238404 3.47185
816 1238449 3.20693
817 1238478 3.4167
818 1238523 2.98996
819 1238548 3.09803
820 1238589 3.16007
821 1238627 3.27448
822 1238663 3.44396
823 1238694 3.39619
824 1238728 2.97893
825 1238753 3.2622
826 1238784 3.28236
827 1238823 3.24761
828 1238851 3.29786
829 1238887 3.21124
830 1238914 3.18584
831 1238942 3.34539
832 1238976 3.06166
833 1239007 3.25128
834 1239034 3.29079
835 1239067 3.00865
836 1239097 3.22213
837 1239119 3.24382
838 1239157 3.24962
839 1239188 3.08343
840 1239212 3.13872
841 1239246 3.40245
842 1239276 3.98996
843 1239310 3.05012
844 1239334 3.26162
845 1239363 3.3281
846 1239397 3.0516
847 1239431 3.03622
848 1239456 3.42993
849 1239482 3.04112
850 1239513 3.15576
851 1239542 3.36226
852 1239565 2.80992
853 1239594 3.497
854 1239620 3.47375
855 1239647 3.12767
856 1239668 3.09175
857 1239702 2.90575
858 1239733 3.27058
859 1239759 2.91612
860 1239794 3.33464
861 1239820 3.25859
862 1239844 3.30577
863 1239869 3.15476
864 1239897 3.13063
865 1239923 3.1795
866 1239948 3.04438
867 1239976 3.35823
868 1239997 3.3262
869 1240028 3.19423
870 1240055 3.06216
871 1240086 3.09543
872 1240110 3.43907
873 1240142 3.11635
874 1240171 3.00205
875 1240193 3.12191
876 1240223 3.24249
877 1240244 3.11613
878 1240265 3.45013
879 1240290 3.30913
880 1240324 3.04359
881 1240346 3.13051
882 1240371 3.3034
883 1240398 3.23451
884 1240435 2.94019
885 1240459 2.92328
886 1240488 3.09776
887 1240510 2.9314
888 1240544 3.30414
889 1240574 3.00555
890 1240605 3.26163
891 1240630 3.09795
892 1240661 3.36786
893 1240690 3.10025
894 1240716 2.98356
895 1240746 3.08926
896 1240773 2.87044
897 1240800 3.45782
898 1240825 3.58008
899 1240847 3.17787
900 1240875 3.35123
901 1240906 3.37987
902 1240935 3.17305
903 1240965 3.30055
904 1240979 2.86496
905 1241004 3.30425
906 1241029 3.1056
907 1241059 3.25201
908 1241088 3.39697
909 1241116 2.92099
910 1241141 3.15224
911 1241169 3.04091
912 1241206 3.0536
913 1241224 3.14051
914 1241249 2.88604
915 1241273 2.90283
916 1241300 3.01502
917 1241324 3.29064
918 1241352 3.17825
919 1241381 3.10506
920 1241403 3.03433
921 1241426 2.94832
922 1241450 3.21672
923 1241475 2.92886
924 1241508 2.97001
925 1241546 3.33585
926 1241570 2.97175
927 1241595 3.20441
928 1241623 3.01311
929 1241655 3.01352
930 1241684 3.18772
931 1241710 3.06655
932 1241738 3.23402
933 1241767 2.91201
934 1241791 2.88735
935 1241816 2.96393
936 1241843 3.05003
937 1241875 3.00966
938 1241904 3.10416
939 1241927 2.93923
940 1241965 3.18082
941 1241986 2.91636
942 1242016 3.22167
943 1242045 3.19575
944 1242071 3.19382
945 1242092 2.95234
946 1242125 3.04082
947 1242148 2.89109
948 1242174 3.05687
949 1242207 3.03704
950 1242233 3.12169
951 1242260 3.28369
952 1242282 3.26545
953 1242311 2.98897
954 1242327 2.90778
955 1242354 2.86504
956 1242372 3.00429
957 1242405 3.1757
958 1242423 2.84008
959 1242442 3.16422
960 1242461 2.95825
961 1242481 3.00539
962 1242498 3.11149
963 1242519 2.99626
964 1242548 3.15358
965 1242570 2.68946
966 1242585 3.13263
967 1242605 3.11611
968 1242626 3.12517
969 1242653 3.10143
970 1242676 3.09242
971 1242700 3.08494
972 1242724 3.04099
973 1242748 3.27961
974 1242785 3.07501
975 1242819 3.31051
976 1242843 2.98361
977 1242874 3.09198
978 1242905 2.9779
979 1242929 2.94103
980 1242953 2.92429
981 1242980 2.93499
982 1243002 3.07522
983 1243025 3.04265
984 1243045 3.10357
985 1243067 3.20773
986 1243089 2.97613
987 1243116 3.49393
988 1243144 2.9447
989 1243163 3.14409
990 1243190 3.05069
991 1243215 3.02979
992 1243230 3.16776
993 1243259 3.4163
994 1243285 3.17
995 1243305 3.13071
996 1243324 3.52555
997 1243355 2.98986
998 1243384 2.83101
999 1243407 3.44218
1000 1243408 1.31508
