1 67767
2 110974
3 149125
4 186017
5 221769
6 256780
7 291489
8 325467
9 358456
10 390716
11 421549
12 451379
13 479549
14 506537
15 532518
16 557102
17 580422
18 602639
19 623415
20 643003
22 679602
24 712480
26 741857
28 768162
30 792017
33 823584
36 850626
39 874296
42 895107
46 918754
50 939380
55 961019
60 979038
66 997659
72 1012868
79 1027406
86 1039679
94 1051244
103 1062415
113 1072177
124 1081377
136 1089157
149 1096209
163 1102727
179 1108417
196 1113228
215 1117471
236 1121515
259 1125463
284 1128291
312 1131168
343 1133475
377 1135712
414 1137640
455 1138872
500 1140049
550 1141629
605 1142341
665 1142879
731 1143728
804 1144279
884 1144581
972 1145349
1000 1144791
