1 67767
2 110964
3 149053
4 185918
5 221606
6 256563
7 291177
8 325009
9 357781
10 389793
11 420212
12 449533
13 477096
14 503380
15 528331
16 551898
17 573866
18 594682
19 614123
20 631986
22 665166
24 693949
26 718933
28 740588
30 759732
33 784072
36 803865
39 819968
42 833999
46 849423
50 861298
55 872645
60 881978
66 890397
72 895814
79 901590
86 905464
94 908187
103 910436
113 912386
124 912977
136 912554
149 912172
163 910778
179 909432
196 907267
215 905271
236 902932
259 900405
284 897723
312 894398
343 891723
377 888475
414 885516
455 881764
500 879436
550 875114
605 873135
665 869978
731 867230
804 864323
884 861706
972 859317
1000 858404
