1 67794 0.270472 0.034803 0
2 111467 0.369622 0.059376 0.108167
3 150048 0.540612 0.090143 0.256112
4 187364 0.783426 0.115852 0.467811
5 223455 1.09472 0.138891 0.740107
6 259020 1.44488 0.162286 1.05941
7 293979 1.8398 0.184635 1.42592
8 328599 2.29002 0.209066 1.84334
9 361840 2.77793 0.304893 2.22643
10 394405 3.2196 0.244067 2.71985
11 425774 3.70692 0.258671 3.18562
12 455803 4.19177 0.271281 3.65257
13 484517 4.65906 0.280485 4.10739
14 511840 5.10876 0.286958 4.54753
15 538003 5.59016 0.296519 5.00945
16 562671 5.90859 0.295267 5.3383
17 586313 6.41146 0.302609 5.81775
18 608600 6.82548 0.308479 6.22667
19 629601 7.06388 0.304756 6.4703
20 649614 7.40752 0.304972 6.81056
21 668479 7.65186 0.302928 7.06134
22 686383 8.14788 0.463785 7.39161
23 703367 8.27717 0.303781 7.67103
24 719626 8.49158 0.298511 7.90257
25 734772 8.61114 0.292235 8.01788
26 749246 9.00149 0.293717 8.4069
27 762759 9.02735 0.287016 8.44408
28 775813 9.22842 0.284404 8.65183
29 788046 9.3255 0.280734 8.7515
30 799893 9.60079 0.278762 9.02806
31 811050 9.52595 0.270641 8.97087
32 821751 9.82858 0.268148 9.25323
33 831766 9.91931 0.265029 9.35357
34 841382 10.0186 0.264466 9.4562
35 850556 10.102 0.257879 9.54543
36 859353 10.1925 0.255012 9.64296
37 867760 10.1261 0.247114 9.59158
38 875983 10.427 0.246681 9.87761
39 883783 10.6575 0.248101 10.0926
40 891284 10.743 0.24585 10.1957
41 898410 10.6677 0.238923 10.1299
42 905315 10.7207 0.236035 10.1923
43 911963 10.6901 0.23047 10.1719
44 918345 10.7419 0.224684 10.2204
45 924431 11.0582 0.226262 10.5091
46 930405 11.2501 0.229371 10.7201
47 936217 11.4066 0.227396 10.8763
48 941772 11.0775 0.215451 10.5704
49 947123 11.095 0.211712 10.5974
50 952242 11.1568 0.20823 10.6382
51 957173 11.5048 0.211058 10.986
52 961924 11.3889 0.206602 10.8827
53 966694 11.6868 0.20879 11.1835
54 971162 11.2183 0.196792 10.7349
55 975584 11.4002 0.196208 10.9176
56 979837 11.6765 0.197269 11.1512
57 983889 11.6625 0.194174 11.167
58 987874 12.1924 0.515537 11.3804
59 991859 11.8572 0.192588 11.3752
60 995588 11.4442 0.183779 10.9762
61 999256 11.6653 0.182107 11.1745
62 1002806 12.1688 0.188176 11.6725
63 1006168 11.9106 0.183213 11.4259
64 1009496 11.6551 0.177139 11.1925
65 1012767 11.7143 0.173959 11.2559
66 1016047 12.0742 0.177109 11.6055
67 1019064 11.9155 0.1713 11.4148
68 1022048 12.3158 0.175066 11.8391
69 1024936 11.8809 0.166124 11.4285
70 1027797 11.8779 0.164866 11.4305
71 1030545 11.6517 0.159876 11.212
72 1033283 12.2192 0.164178 11.729
73 1035945 12.6323 0.169294 12.1612
74 1038451 11.8265 0.157785 11.3867
75 1040829 11.3456 0.147189 10.9229
76 1043295 11.9994 0.153703 11.5681
77 1045752 12.3934 0.156008 11.9185
78 1048089 12.6193 0.158009 12.1613
79 1050381 12.4155 0.154146 11.978
80 1052559 11.8473 0.145171 11.4291
81 1054750 12.0574 0.145834 11.6391
82 1056827 11.6992 0.139692 11.2644
83 1058963 12.9659 0.152067 12.5064
84 1061058 12.979 0.150995 12.5439
85 1063068 12.3208 0.144059 11.9029
86 1065073 12.3336 0.143393 11.918
87 1067071 12.5995 0.143857 12.1599
88 1068914 12.6209 0.139719 12.1787
89 1070772 12.8904 0.143075 12.4679
90 1072569 12.2975 0.134748 11.8946
91 1074361 12.3802 0.134581 11.9768
92 1076073 12.0549 0.130075 11.6398
93 1077789 13.1319 0.139065 12.6921
94 1079432 12.7167 0.133667 12.3101
95 1081053 12.3838 0.128533 11.9866
96 1082618 12.028 0.123987 11.6413
97 1084201 12.3686 0.12623 11.9622
98 1085774 13.2862 0.133059 12.8491
99 1087302 13.0854 0.131241 12.6844
100 1088796 12.6139 0.126005 12.2243
101 1090363 13.224 0.131637 12.83
102 1091800 12.3804 0.121724 11.9692
103 1093238 13.5484 0.13007 13.1236
104 1094687 13.4115 0.128359 13.0156
105 1096064 12.7772 0.120599 12.3974
106 1097387 12.2698 0.115653 11.8998
107 1098677 12.3261 0.114579 11.9183
108 1099936 13.1494 0.12057 12.746
109 1101218 12.9363 0.118815 12.5572
110 1102492 12.8828 0.117933 12.5113
111 1103748 12.7661 0.11555 12.3986
112 1104935 12.5182 0.111485 12.1104
113 1106160 13.9138 0.12189 13.515
114 1107385 13.4571 0.118044 13.0832
115 1108597 13.3138 0.115986 12.947
116 1109748 12.7587 0.111314 12.4006
117 1110842 12.8894 0.110137 12.4789
118 1111889 12.8739 0.109538 12.5011
119 1113030 13.6213 0.115333 13.2554
120 1114082 12.5978 0.107258 12.2467
121 1115176 13.0815 0.109887 12.7237
122 1116189 13.0633 0.109469 12.6531
123 1117204 13.4336 0.109465 13.0716
124 1118243 13.431 0.108746 13.0752
125 1119251 13.0026 0.105405 12.657
126 1120235 12.8828 0.102862 12.5163
127 1121175 13.3981 0.104785 13.0124
128 1122124 13.348 0.105188 12.9986
129 1123029 12.6245 0.098793 12.2859
130 1123949 12.8576 0.100052 12.5186
131 1124864 13.0455 0.100864 12.6644
132 1125792 14.3345 0.108847 13.9558
133 1126696 13.646 0.1038 13.2992
134 1127644 14.0706 0.107366 13.7207
135 1128533 13.2877 0.099631 12.9507
136 1129391 13.6214 0.10094 13.2236
137 1130240 13.983 0.102769 13.6297
138 1131105 13.7921 0.101021 13.4482
139 1131938 13.2092 0.098254 12.88
140 1132796 13.8328 0.101009 13.4646
141 1133600 14.3696 0.101582 14.0003
142 1134387 13.4737 0.097867 13.1421
143 1135147 12.8519 0.09134 12.5281
144 1135943 13.4031 0.095349 13.0778
145 1136731 13.8961 0.097742 13.5151
146 1137489 14.2322 0.099477 13.8845
147 1138200 12.976 0.088669 12.6578
148 1138953 13.5896 0.094448 13.2647
149 1139705 13.5769 0.094303 13.2408
150 1140417 14.2589 0.096982 13.8821
151 1141093 13.1524 0.089183 12.8313
152 1141784 13.3677 0.089272 13.0518
153 1142450 12.765 0.086107 12.4602
154 1143175 14.2305 0.095699 13.8692
155 1143867 14.5748 0.095282 14.2299
156 1144516 13.383 0.08651 13.0726
157 1145166 13.1768 0.086329 12.8717
158 1145820 13.2788 0.086209 12.9719
159 1146467 13.9486 0.089428 13.584
160 1147047 12.9778 0.082459 12.6667
161 1147674 13.7059 0.08609 13.3973
162 1148303 13.5164 0.085363 13.2171
163 1148952 13.999 0.087957 13.6649
164 1149538 13.9614 0.085784 13.6225
165 1150152 14.1787 0.087667 13.8711
166 1150757 13.848 0.085904 13.5468
167 1151321 12.8383 0.080496 12.5464
168 1151924 14.2707 0.086907 13.9208
169 1152527 14.9486 0.08982 14.624
170 1153086 13.5165 0.081881 13.2213
171 1153682 14.2362 0.085617 13.9346
172 1154233 13.2365 0.07913 12.9316
173 1154799 14.9673 0.088165 14.6203
174 1155328 13.6252 0.080263 13.335
175 1155844 13.1393 0.07652 12.8567
176 1156389 13.7129 0.080008 13.4277
177 1156932 14.1961 0.083333 13.857
178 1157433 13.8515 0.078166 13.5472
179 1157928 13.3864 0.076504 13.1052
180 1158458 14.1054 0.080816 13.82
181 1158935 12.5673 0.071941 12.2879
182 1159423 14.0539 0.080117 13.7111
183 1159945 14.8997 0.083064 14.6058
184 1160442 13.8162 0.077763 13.536
185 1160936 13.7016 0.077046 13.4225
186 1161413 13.5655 0.076019 13.2541
187 1161932 15.7139 0.086053 15.3996
188 1162409 14.1872 0.078298 13.9072
189 1162916 14.7938 0.080805 14.5091
190 1163378 13.4451 0.075233 13.1604
191 1163826 14.355 0.076182 14.0337
192 1164294 14.4996 0.077514 14.2204
193 1164737 13.6034 0.073374 13.3345
194 1165137 12.2023 0.065305 11.9479
195 1165563 13.5514 0.071723 13.2472
196 1166018 15.3441 0.080253 15.044
197 1166461 14.4029 0.074743 14.13
198 1166904 14.1468 0.074331 13.8814
199 1167323 13.5438 0.070255 13.2648
200 1167785 16.0999 0.082385 15.7756
201 1168219 14.7846 0.075447 14.5105
202 1168679 15.4895 0.080229 15.2148
203 1169086 13.5437 0.069678 13.2864
204 1169468 13.6117 0.071045 13.2903
205 1169875 15.0124 0.075362 14.7368
206 1170268 13.9166 0.069432 13.6566
207 1170689 14.7488 0.074985 14.4831
208 1171068 13.5546 0.067833 13.268
209 1171470 15.4518 0.07518 15.1598
210 1171844 14.1979 0.068759 13.9401
211 1172197 13.0097 0.065045 12.7582
212 1172551 13.069 0.064057 12.8281
213 1172872 12.6299 0.061035 12.3284
214 1173256 15.4456 0.075783 15.1722
215 1173625 14.4032 0.069552 14.1487
216 1173995 14.1521 0.069045 13.8986
217 1174387 15.5449 0.075863 15.2393
218 1174775 16.2946 0.078774 16.0127
219 1175128 14.3331 0.067545 14.081
220 1175512 15.5002 0.073171 15.2428
221 1175868 14.6159 0.068377 14.3269
222 1176218 15.2883 0.071756 15.0081
223 1176570 15.0939 0.07121 14.8375
224 1176968 16.8572 0.077807 16.5941
225 1177303 14.0982 0.065223 13.8328
226 1177669 16.6226 0.07664 16.3262
227 1177996 14.5355 0.066333 14.2877
228 1178330 14.651 0.066576 14.4063
229 1178635 13.2585 0.06006 13.0257
230 1178968 15.6804 0.07044 15.3725
231 1179289 15.0122 0.066513 14.7617
232 1179625 15.3458 0.068771 15.1025
233 1179941 14.2826 0.06425 14.0465
234 1180260 15.5477 0.068117 15.2519
235 1180586 16.0574 0.07013 15.781
236 1180914 15.8244 0.069269 15.5765
237 1181207 16.8205 0.07043 16.4638
238 1181494 16.5016 0.090026 15.8667
239 1181825 17.3314 0.072996 17.0302
240 1182111 14.7228 0.061821 14.4398
241 1182424 15.7083 0.067281 15.4584
242 1182726 192.594 0.770615 190.524
243 1183037 653.95 2.23849 647.284
244 1183300 787.862 2.584 780.749
245 1183611 1035.96 3.172 1026.54
246 1183907 1059.25 3.36074 1049.4
247 1184190 1056.77 2.82639 1050.08
248 1184477 983.459 2.59783 977.786
249 1184752 916.07 2.0874 911.356
250 1185062 1037.26 1.83483 1032.83
251 1185358 1023.04 1.92026 1018.47
252 1185660 1089.46 1.74472 1085.2
253 1185937 1055.69 1.75644 1051.66
254 1186241 1210.44 1.70313 1206.2
255 1186525 1185.62 1.78966 1180.44
256 1186816 1226.66 1.65613 1220.6
257 1187076 1144.72 1.41706 1140.69
258 1187322 1120.66 1.52576 1116.69
259 1187585 1212.85 1.55056 1208.9
260 1187811 1076.5 1.35543 1072.86
261 1188033 1073.28 1.15369 1069.88
262 1188277 1221.34 1.40418 1217.76
263 1188520 1217.68 1.34895 1213.93
264 1188789 1593.08 1.98634 1587.65
265 1189040 1400.85 1.50997 1396.63
266 1189301 1425.82 1.44405 1421.89
267 1189564 1529.88 1.60722 1525.51
268 1189802 1374.71 1.2089 1370.6
269 1190043 1448.04 1.76425 1443.69
270 1190278 1419.65 1.30634 1415.84
271 1190502 1344.46 1.45248 1340.45
272 1190766 1701.88 1.57255 1697.46
273 1190999 1547.1 1.33524 1542.98
274 1191229 1571.19 1.46398 1567.05
275 1191463 1690.44 1.91954 1686.1
276 1191684 1799.02 0.960571 1795.57
277 1191914 1861.17 1.63548 1857.03
278 1192124 1753.41 1.07368 1750
279 1192344 1891.46 1.2358 1886.1
280 1192605 2284.6 1.19666 2279.52
281 1192857 2288.21 1.25541 2284.16
282 1193071 1950.32 1.00685 1946.88
283 1193324 2392.16 1.13547 2388.19
284 1193553 2244.72 1.2006 2240.56
285 1193763 2080.93 0.957247 2077.67
286 1193997 2404.52 0.979865 2400.83
287 1194211 2239.37 0.888983 2235.86
288 1194429 2320.92 0.944638 2317.46
289 1194657 2471.88 1.11079 2466.15
290 1194874 2416.74 0.956095 2413.29
291 1195110 2639.38 0.881403 2635.76
292 1195315 2348.71 0.918888 2344.15
293 1195531 2563.32 1.01841 2558.11
