1 67767
2 110959
3 149019
4 185838
5 221428
6 256269
7 290735
8 324329
9 356737
10 388334
11 418244
12 446701
13 473297
14 498270
15 521909
16 543990
17 564236
18 583094
19 600373
20 616202
21 630849
22 644782
23 656870
24 668056
25 678050
26 687228
27 695789
28 703843
29 711130
30 717328
31 723504
32 729258
33 733832
34 737932
35 742177
36 745498
37 748507
38 752215
39 754753
40 757115
41 759384
42 761817
43 764054
44 765883
45 767075
46 768573
47 770091
48 771368
49 772192
50 773055
51 774200
52 775377
53 776264
54 777450
55 777634
56 778336
57 778561
58 779434
59 779658
60 779940
61 780395
62 780559
63 780399
64 781622
65 781157
66 781934
67 781688
68 782052
69 782147
70 781595
71 781752
72 781627
73 781911
74 781872
75 782660
76 781963
77 782008
78 781760
79 781626
80 782187
81 782370
82 782502
83 783383
84 782646
85 781881
86 781800
87 782156
88 781123
89 781395
90 780790
91 781191
92 780503
93 780521
94 780669
95 779357
96 781195
97 780336
98 778842
99 779806
100 780030
101 779897
102 779069
103 778868
104 778346
105 777762
106 778107
107 778579
108 777913
109 777268
110 777412
111 776295
112 778184
113 776517
114 776717
115 776072
116 776233
117 775676
118 775907
119 775046
120 773633
121 774388
122 773390
123 773857
124 773362
125 773693
126 773554
127 772929
128 772314
129 771905
130 771936
131 771545
132 771231
133 770724
134 770396
135 770455
136 770578
137 770916
138 770213
139 769578
140 770294
141 769596
142 770011
143 770504
144 770198
145 769313
146 768464
147 768896
148 768379
149 767773
150 767759
151 766890
152 766693
