1 28971 0.138667
2 72240 0.385249
3 128319 0.774117
4 190338 1.52964
5 244113 1.4902
6 261600 0.692576
7 271994 0.575996
8 278727 0.513141
9 283336 0.444842
10 286626 0.394052
11 289084 0.404865
12 291103 0.368315
13 292762 0.651709
14 294093 0.300588
15 295195 0.274993
16 296172 0.267002
17 297007 0.258371
18 297765 0.252279
19 298387 0.229128
20 298919 0.202303
21 299487 0.230863
22 300000 0.227279
23 300445 0.442816
24 300786 0.260188
25 301164 0.224844
26 301517 0.251225
27 301818 0.194767
28 302079 0.172521
29 302345 0.182466
30 302578 0.192907
31 302779 0.171008
32 302966 0.16293
33 303157 0.171451
34 303320 0.156109
35 303501 0.17712
36 303641 0.152271
37 303800 0.175924
38 303978 0.188643
39 304094 0.158404
40 304233 0.175155
41 304368 0.164452
42 304508 0.17972
43 304613 0.144414
44 304733 0.209791
45 304837 0.158133
46 304925 0.144934
47 305031 0.168784
48 305135 0.181735
49 305224 0.145377
50 305291 0.123763
51 305374 0.148391
52 305450 0.158534
53 305530 0.1606
54 305628 0.192952
55 305708 0.155812
56 305775 0.142405
57 305826 0.122968
58 305887 0.142734
59 305956 0.155825
60 306013 0.149784
61 306067 0.142334
62 306121 0.136345
63 306172 0.151563
64 306229 0.162792
65 306276 0.135501
66 306324 0.141601
67 306383 0.175869
68 306421 0.114175
69 306464 0.143361
70 306489 0.089137
71 306523 0.124418
72 306587 0.446818
73 306622 0.188894
74 306664 0.139889
75 306707 0.169616
76 306740 0.128591
77 306779 0.155097
78 306810 0.124071
79 306845 0.159202
80 306888 0.166021
81 306916 0.130154
82 306940 0.113896
83 306975 0.162917
84 307007 0.153847
85 307042 0.151959
86 307068 0.108568
87 307105 0.17222
88 307135 0.158485
89 307158 0.12626
90 307186 0.147342
91 307204 0.099494
92 307240 0.187216
93 307256 0.09594
94 307281 0.15106
95 307313 0.188261
96 307336 0.140133
97 307361 0.157898
98 307385 0.145732
99 307404 0.123866
100 307425 0.125533
101 307449 0.133418
102 307480 0.194254
103 307502 0.154934
104 307513 0.083218
105 307538 0.135854
106 307554 0.123453
107 307575 0.168488
108 307591 0.140573
109 307599 0.074329
110 307615 0.139847
111 307633 0.165626
112 307670 0.268335
113 307682 0.10917
114 307700 0.124981
115 307708 0.077407
116 307724 0.115474
117 307733 0.087629
118 307756 0.205706
119 307773 0.147736
120 307784 0.102593
121 307802 0.177408
122 307818 0.153289
123 307831 0.141351
124 307840 0.088615
125 307848 0.087818
126 307855 0.082124
127 307868 0.153495
128 307884 0.165842
129 307892 0.093159
130 307907 0.167087
131 307916 0.103144
132 307925 0.113976
133 307931 0.081182
134 307945 0.143392
135 307954 0.113667
136 307961 0.093117
137 307974 0.194703
138 307984 0.115661
139 307987 0.042015
140 307998 0.136241
141 308010 0.194232
142 308018 0.101878
143 308033 0.22285
144 308044 0.17037
145 308055 0.125682
146 308063 0.131534
147 308071 0.101614
148 308085 0.178331
149 308100 0.173759
150 308106 0.094276
151 308114 0.123095
152 308123 0.170642
153 308131 0.143689
154 308140 0.167433
155 308158 0.253632
156 308167 0.145388
157 308171 0.073539
158 308180 0.141574
159 308188 0.141447
160 308195 0.118146
161 308203 0.135139
162 308212 0.158306
163 308224 0.184964
164 308233 0.160392
165 308238 0.082518
166 308244 0.113861
167 308257 0.15746
168 308275 0.290717
169 308287 0.189983
170 308298 0.169631
171 308321 0.364843
172 308327 0.111902
173 308330 0.071487
174 308340 0.190244
175 308353 0.246391
176 308363 0.197687
177 308374 0.211615
178 308378 0.089941
179 308388 0.233004
180 308395 0.179376
181 308402 0.150804
182 308414 0.208845
183 308419 0.114273
184 308434 0.261675
185 308449 0.253915
186 308458 0.213597
187 308470 0.337959
188 308474 0.177068
189 308475 0.027616
190 308478 0.066013
191 308481 0.085418
192 308483 0.064229
193 308487 0.115832
194 308490 0.083563
195 308497 0.181381
196 308499 0.061312
197 308502 0.094055
198 308505 0.08882
199 308513 0.15007
200 308523 0.270169
