1715255
1 873864
2 1093303
3 1202268
4 1271326
5 1320661
6 1357992
7 1387389
8 1410603
9 1429368
10 1445368
11 1458467
12 1469574
13 1479032
14 1487296
15 1494381
16 1500674
17 1506177
18 1511200
19 1515592
20 1519525
21 1522995
22 1526200
23 1529107
24 1531763
25 1534205
26 1536464
27 1538509
28 1540422
29 1542316
30 1544034
31 1545602
32 1547163
33 1548545
34 1549954
35 1551090
36 1552264
37 1553357
38 1554334
39 1555335
40 1556278
41 1557159
42 1558027
43 1558827
44 1559602
45 1560377
46 1561095
47 1561830
48 1562546
49 1563233
50 1563825
51 1564411
52 1564953
53 1565494
54 1566057
55 1566596
56 1567093
57 1567609
58 1568080
59 1568499
60 1568912
61 1569330
62 1569771
63 1570184
64 1570590
65 1570987
66 1571339
67 1571710
68 1572061
69 1572415
70 1572729
71 1573033
72 1573363
73 1573661
74 1573966
75 1574217
76 1574521
77 1574804
78 1575092
79 1575350
80 1575580
81 1575827
82 1576064
83 1576311
84 1576525
85 1576747
86 1576986
87 1577212
88 1577411
89 1577602
90 1577802
91 1577978
92 1578180
93 1578397
94 1578600
95 1578803
96 1578960
97 1579154
98 1579339
99 1579503
100 1579660
101 1579843
102 1580021
103 1580177
104 1580341
105 1580487
106 1580652
107 1580805
108 1580961
109 1581101
110 1581245
111 1581382
112 1581524
113 1581671
114 1581804
115 1581937
116 1582067
117 1582185
118 1582304
119 1582419
120 1582537
121 1582671
122 1582785
123 1582902
124 1583003
125 1583133
126 1583236
127 1583357
128 1583467
129 1583564
130 1583657
131 1583766
132 1583868
133 1583965
134 1584070
135 1584160
136 1584271
137 1584347
138 1584461
139 1584570
140 1584660
141 1584748
142 1584831
143 1584914
144 1584993
145 1585092
146 1585173
147 1585257
148 1585361
149 1585449
150 1585530
151 1585605
152 1585670
153 1585743
154 1585827
155 1585894
156 1585964
157 1586029
158 1586101
159 1586177
160 1586246
161 1586314
162 1586376
163 1586440
164 1586555
165 1586646
166 1586735
167 1586815
168 1586879
169 1586964
170 1587025
171 1587088
172 1587160
173 1587221
174 1587284
175 1587346
176 1587400
177 1587456
178 1587516
179 1587570
180 1587640
181 1587684
182 1587741
183 1587781
184 1587837
185 1587883
186 1587940
187 1587992
188 1588035
189 1588089
190 1588145
191 1588186
192 1588233
193 1588288
194 1588349
195 1588396
196 1588444
197 1588491
198 1588549
199 1588587
200 1588588
