334863
1 25709 0.203197
2 61784 0.340509
3 108471 0.4899
4 161664 0.635421
5 210929 0.697749
6 231235 0.486677
7 247865 0.419938
8 260241 0.34757
9 269090 0.279515
10 275714 0.228818
11 280505 0.178368
12 284315 0.163836
13 287197 0.135438
14 289532 0.11798
15 291399 0.108952
16 292970 0.101147
17 294263 0.092937
18 295367 0.081742
19 296310 0.075982
20 297144 0.072874
21 297834 0.066382
22 298454 0.060416
23 299050 0.061295
24 299540 0.059108
25 299985 0.055456
26 300434 0.052839
27 300802 0.049585
28 301140 0.053001
29 301449 0.051273
30 301725 0.057601
31 301980 0.042939
32 302216 0.046018
33 302431 0.049507
34 302660 0.039165
35 302865 0.053528
36 303070 0.046318
37 303234 0.041793
38 303418 0.042968
39 303595 0.050664
40 303735 0.052095
41 303888 0.044653
42 304028 0.034083
43 304141 0.046815
44 304287 0.042268
45 304410 0.033353
46 304521 0.036739
47 304620 0.032924
48 304717 0.033362
49 304807 0.032498
50 304905 0.035262
51 304994 0.029265
52 305077 0.038015
53 305175 0.033304
54 305240 0.032736
55 305314 0.043625
56 305394 0.035894
57 305454 0.031807
58 305513 0.027061
59 305575 0.029659
60 305633 0.044688
61 305688 0.025953
62 305732 0.024689
63 305785 0.028086
64 305855 0.030989
65 305921 0.036828
66 305968 0.036314
67 306012 0.025034
68 306062 0.038123
69 306108 0.024501
70 306163 0.023259
71 306218 0.028248
72 306256 0.031389
73 306311 0.028107
74 306359 0.027874
75 306395 0.02466
76 306443 0.027443
77 306491 0.037264
78 306525 0.041716
79 306552 0.019779
80 306600 0.028682
81 306633 0.022052
82 306658 0.029229
83 306682 0.017188
84 306707 0.021248
85 306737 0.023893
86 306758 0.019342
87 306793 0.024148
88 306818 0.021173
89 306850 0.022423
90 306870 0.020496
91 306885 0.018673
92 306900 0.021377
93 306934 0.023486
94 306968 0.023562
95 306995 0.022268
96 307020 0.022013
97 307057 0.021293
98 307081 0.023385
99 307111 0.023036
100 307133 0.018014
101 307165 0.022836
102 307192 0.01722
103 307234 0.021183
104 307250 0.020046
105 307276 0.023725
106 307306 0.021358
107 307325 0.018638
108 307334 0.021416
109 307349 0.01968
110 307361 0.020658
111 307383 0.021916
112 307393 0.017908
113 307415 0.018657
114 307431 0.020911
115 307448 0.01673
116 307463 0.0216
117 307478 0.021025
118 307493 0.018018
119 307514 0.024217
120 307525 0.021029
121 307539 0.018885
122 307554 0.022039
123 307571 0.015072
124 307582 0.023779
125 307596 0.017026
126 307621 0.022003
127 307635 0.018508
128 307646 0.019563
129 307659 0.019964
130 307675 0.01949
131 307685 0.020929
132 307696 0.021361
133 307709 0.016683
134 307731 0.021257
135 307740 0.016099
136 307755 0.021186
137 307778 0.02533
138 307787 0.024574
139 307791 0.008376
140 307800 0.01859
141 307812 0.026968
142 307827 0.010207
143 307838 0.016157
144 307849 0.020066
145 307855 0.017029
146 307866 0.024063
147 307879 0.020272
148 307891 0.02099
149 307901 0.018707
150 307913 0.018498
151 307949 0.020085
152 307964 0.017955
153 307970 0.019181
154 307985 0.022869
155 307994 0.013466
156 308001 0.024818
157 308005 0.011997
158 308011 0.013721
159 308016 0.019412
160 308026 0.018899
161 308030 0.016803
162 308036 0.016479
163 308048 0.022432
164 308053 0.018284
165 308066 0.015194
166 308078 0.022454
167 308084 0.013208
168 308095 0.024509
169 308102 0.015101
170 308108 0.015477
171 308114 0.019695
173 308122 0.037722
174 308125 0.016344
175 308131 0.014568
176 308136 0.021271
177 308143 0.015245
178 308150 0.017575
179 308160 0.017413
180 308165 0.010103
181 308167 0.017949
182 308179 0.022639
183 308198 0.018999
184 308209 0.014896
185 308215 0.017433
186 308223 0.012973
187 308228 0.016311
188 308243 0.016927
189 308248 0.02158
190 308255 0.015725
191 308264 0.018292
192 308279 0.018157
193 308286 0.019063
194 308297 0.024265
195 308304 0.011614
196 308310 0.024233
197 308316 0.01724
198 308319 0.019444
200 308320 0.027623
