1 28971 0.149211
2 72240 0.422487
3 128319 0.809821
4 190338 1.28828
5 244113 2.11566
6 261600 0.671592
7 271994 0.56436
8 278727 0.47386
9 283336 0.446702
10 286626 0.403268
11 289084 0.359021
12 291103 0.382747
13 292762 0.316953
14 294093 0.302099
15 295195 0.291314
16 296172 0.263537
17 297007 0.254673
18 297765 0.253135
19 298387 0.211489
20 298919 0.213183
21 299487 0.23023
22 300000 0.222797
23 300445 0.20006
24 300786 0.187199
25 301164 0.194136
26 301517 0.206953
27 301818 0.197689
28 302079 0.186598
29 302345 0.203016
30 302578 0.171587
31 302779 0.159551
32 302966 0.155874
33 303157 0.212469
34 303320 0.167601
35 303501 0.172418
36 303641 0.145857
37 303800 0.171882
38 303978 0.217092
39 304094 0.145362
40 304233 0.260353
41 304368 0.203667
42 304508 0.226195
43 304613 0.192796
44 304733 0.292354
45 304837 0.168609
46 304925 0.151977
47 305031 0.187116
48 305135 0.270847
49 305224 0.171189
50 305291 0.134409
51 305374 0.161434
52 305450 0.153027
53 305530 0.168306
54 305628 0.206183
55 305708 0.178703
56 305775 0.148065
57 305826 0.138079
58 305887 0.14571
59 305956 0.162198
60 306013 0.149099
61 306067 0.13372
62 306121 0.140189
63 306172 0.151376
64 306229 0.170854
65 306276 0.141152
66 306324 0.138664
67 306383 0.183526
68 306421 0.115666
69 306464 0.142293
70 306489 0.089976
71 306523 0.137573
72 306587 0.205366
73 306622 0.126509
74 306664 0.138789
75 306707 0.171369
76 306740 0.127923
77 306779 0.167271
78 306810 0.123441
79 306845 0.14691
80 306888 0.166271
81 306916 0.133906
82 306940 0.115672
83 306975 0.157883
84 307007 0.159647
85 307042 0.154362
86 307068 0.113892
87 307105 0.181521
88 307135 0.174677
89 307158 0.137385
90 307186 0.157157
91 307204 0.108703
92 307240 0.198933
93 307256 0.101518
94 307281 0.153151
95 307313 0.191068
96 307336 0.145615
97 307361 0.158219
98 307385 0.144787
99 307404 0.131464
100 307425 0.137743
101 307449 0.145299
102 307480 0.204242
103 307502 0.163264
104 307513 0.089171
105 307538 0.150722
106 307554 0.121334
107 307575 0.158433
108 307591 0.132994
109 307599 0.071752
110 307615 0.141652
111 307633 0.159262
112 307670 0.259717
113 307682 0.106838
114 307700 0.137522
115 307708 0.080088
116 307724 0.126491
117 307733 0.098216
118 307756 0.233095
119 307773 0.161842
120 307784 0.102323
121 307802 0.172197
122 307818 0.146403
123 307831 0.135915
124 307840 0.095652
125 307848 0.098814
126 307855 0.083412
127 307868 0.139627
128 307884 0.160803
129 307892 0.096556
130 307907 0.176099
131 307916 0.113168
132 307925 0.119782
133 307931 0.07304
134 307945 0.1336
135 307954 0.110353
136 307961 0.091481
137 307974 0.168539
138 307984 0.123037
139 307987 0.046559
140 307998 0.147873
141 308010 0.150889
142 308018 0.109043
143 308033 0.202034
144 308044 0.156281
145 308055 0.124332
146 308063 0.117735
147 308071 0.109192
148 308085 0.183767
149 308100 0.186817
150 308106 0.09306
151 308114 0.129979
152 308123 0.154196
153 308131 0.13266
154 308140 0.132429
155 308158 0.229485
156 308167 0.150025
157 308171 0.06993
158 308180 0.138104
159 308188 0.135493
160 308195 0.117407
161 308203 0.125505
162 308212 0.154778
163 308224 0.190708
164 308233 0.153662
165 308238 0.083948
166 308244 0.119252
167 308257 0.170553
168 308275 0.281285
169 308287 0.192441
170 308298 0.177986
171 308321 0.351316
172 308327 0.114049
173 308330 0.066771
174 308340 0.196013
175 308353 0.232808
176 308363 0.180424
177 308374 0.23992
178 308378 0.087046
179 308388 0.189584
180 308395 0.145203
181 308402 0.13473
182 308414 0.201322
183 308419 0.11429
184 308434 0.387481
185 308449 0.261303
186 308458 0.178854
187 308470 0.262388
188 308474 0.102977
189 308475 0.033587
190 308478 0.068702
191 308481 0.088895
192 308483 0.068422
193 308487 0.115816
194 308490 0.083264
195 308497 0.173191
196 308499 0.061473
197 308502 0.099203
198 308505 0.096356
199 308513 0.175411
200 308523 0.296427
