3997962
1 785930 3.55881
2 1209170 2.24977
3 1495854 1.81335
4 1710897 1.58355
5 1879494 1.4958
6 2015404 1.4226
7 2127758 1.3646
8 2221000 1.3403
9 2299837 1.32093
10 2367430 1.32475
11 2425581 1.34127
12 2476522 1.37391
13 2520184 1.35566
14 2558718 1.37393
15 2592657 1.40038
16 2622984 1.35699
17 2650006 1.42813
18 2674661 1.40324
19 2697051 1.50654
20 2717427 1.44484
21 2735880 1.43297
22 2752769 1.43447
23 2768121 1.44259
24 2782419 1.4379
25 2795759 1.46038
26 2807902 1.48188
27 2819226 1.45528
28 2830035 1.47829
29 2839897 1.46477
30 2849274 1.48155
31 2858244 1.47958
32 2866649 1.48769
33 2874550 1.49752
34 2881929 1.46671
35 2888848 1.48054
36 2895637 1.52414
37 2901959 1.46772
38 2907863 1.4807
39 2913457 1.48523
40 2918919 1.50082
41 2924068 1.50573
42 2929025 1.50218
43 2933758 1.50773
44 2938228 1.47125
45 2942701 1.50974
46 2946968 1.49668
47 2951046 1.54197
48 2954947 1.5099
49 2958714 1.49952
50 2962267 1.50925
51 2965686 1.48031
52 2969022 1.47888
53 2972318 1.45795
54 2975411 1.48842
55 2978310 1.4836
56 2981255 1.47305
57 2984052 1.4244
58 2986754 1.44442
59 2989352 1.41232
60 2991864 1.4497
61 2994313 1.48073
62 2996727 1.45123
63 2998962 1.41324
64 3001157 1.41823
65 3003257 1.42682
66 3005352 1.39955
67 3007378 1.41686
68 3009325 1.42171
69 3011224 1.39846
70 3013036 1.38208
71 3014815 1.40525
72 3016615 1.38938
73 3018333 1.37703
74 3019941 1.35011
75 3021481 1.39195
76 3023078 1.46102
77 3024621 1.38541
78 3026118 1.3857
79 3027586 1.37382
80 3029095 1.3765
81 3030477 1.34981
82 3031826 1.3807
83 3033202 1.3834
84 3034493 1.34489
85 3035793 1.33593
86 3037103 1.31394
87 3038372 1.34876
88 3039619 1.33388
89 3040835 1.38403
90 3041935 1.33115
91 3043214 1.39992
92 3044282 1.36503
93 3045361 1.35956
94 3046430 1.34348
95 3047506 1.34048
96 3048544 1.35228
97 3049544 1.32779
98 3050489 1.34806
99 3051378 1.35798
100 3052334 1.32332
101 3053252 1.33006
102 3054112 1.28868
103 3055020 1.36821
104 3055919 1.36834
105 3056818 1.35325
106 3057628 1.35644
107 3058391 1.31723
108 3059168 1.31774
109 3059986 1.31781
110 3060750 1.31174
111 3061542 1.29828
112 3062306 1.31589
113 3063063 1.34092
114 3063826 1.34731
115 3064519 1.31325
116 3065333 1.29276
117 3066031 1.29024
118 3066700 1.29751
119 3067361 1.26188
120 3067969 1.29313
121 3068585 1.29054
122 3069204 1.33041
123 3069809 1.25048
124 3070413 1.29649
125 3070957 1.27107
126 3071527 1.29041
127 3072089 1.22887
128 3072672 1.30275
129 3073261 1.3156
130 3073854 1.31904
131 3074418 1.3005
132 3074979 1.29579
133 3075504 1.2501
134 3075987 1.26425
135 3076539 1.30552
136 3077093 1.25354
137 3077587 1.28576
138 3078076 1.27531
139 3078577 1.2928
140 3079033 1.23629
141 3079472 1.268
142 3079927 1.27864
143 3080334 1.24677
144 3080775 1.20123
145 3081274 1.28722
146 3081708 1.28703
147 3082139 1.24334
148 3082594 1.25671
149 3083016 1.22117
150 3083476 1.24084
151 3083870 1.23955
152 3084304 1.25262
153 3084701 1.22032
154 3085084 1.24657
155 3085478 1.22254
156 3085860 1.28354
157 3086261 1.22933
158 3086624 1.21648
159 3086994 1.23206
160 3087358 1.25143
161 3087715 1.26046
162 3088106 1.27158
163 3088474 1.20215
164 3088816 1.20683
165 3089140 1.21007
166 3089449 1.21935
167 3089812 1.21034
168 3090138 1.19702
169 3090469 1.19621
170 3090789 1.23898
171 3091115 1.24243
172 3091444 1.23113
173 3091775 1.21592
174 3092076 1.26441
175 3092413 1.28929
176 3092764 1.22741
177 3093038 1.21722
178 3093341 1.26476
179 3093598 1.20362
180 3093852 1.17105
181 3094138 1.22325
182 3094434 1.28166
183 3094738 1.2643
184 3095018 1.2257
185 3095331 1.25917
186 3095630 1.24185
187 3095958 1.25138
188 3096231 1.22457
189 3096528 1.26302
190 3096799 1.25609
191 3097083 1.16695
192 3097372 1.21633
193 3097653 1.19301
194 3097932 1.26262
195 3098192 1.19914
196 3098451 1.25039
197 3098707 1.22801
198 3098964 1.18227
199 3099229 1.25161
200 3099230 0.001397
