1 818745 3.73707
2 1273581 4.75591
3 1576227 4.38268
4 1796584 4.7931
5 1964308 5.25038
6 2095881 5.80585
7 2201970 6.01503
8 2288425 6.26785
9 2361244 6.55716
10 2422766 6.78932
11 2476054 6.9794
12 2521341 7.18013
13 2561012 7.04766
14 2595646 7.05675
15 2626319 7.1031
16 2653892 7.20684
17 2678794 7.21502
18 2701290 7.24151
19 2721827 7.25984
20 2740354 7.25701
21 2757059 7.21723
22 2772419 7.26339
23 2786613 7.2994
24 2800009 7.35865
25 2812209 7.21906
26 2823605 7.22669
27 2834307 7.21763
28 2844164 7.14672
29 2853793 7.22394
30 2862777 7.2845
31 2870933 7.35116
32 2878765 7.28684
33 2886160 7.23475
34 2893008 7.17511
35 2899490 7.42941
36 2905783 7.33289
37 2911863 7.30677
38 2917241 7.12979
39 2922796 7.4992
40 2927943 7.27937
41 2932663 7.39631
42 2937426 7.41607
43 2942046 7.30588
44 2946274 7.19748
45 2950553 7.22927
46 2954431 7.16245
47 2958257 7.35221
48 2961950 7.12897
49 2965612 7.38388
50 2968841 7.02643
51 2972085 7.00403
52 2975371 7.32617
53 2978309 7.1879
54 2981301 7.3627
55 2984173 7.24518
56 2986851 7.21877
57 2989459 7.20978
58 2992177 7.34171
59 2994570 7.09833
60 2996784 6.87758
61 2999027 7.14781
62 3001202 7.0707
63 3003348 7.35888
64 3005528 7.34303
65 3007557 7.41144
66 3009465 7.25172
67 3011467 7.55746
68 3013405 7.3009
69 3015359 7.68534
70 3017117 7.1477
71 3019028 7.83699
72 3020722 8.77397
73 3022241 6.71325
74 3023869 7.28412
75 3025340 7.19371
76 3026818 7.27139
77 3028274 7.32472
78 3029677 7.0595
79 3031260 7.73754
80 3032610 7.0789
81 3033936 7.31611
82 3035321 7.40536
83 3036560 7.35158
84 3037827 7.65122
85 3038949 7.10455
86 3040053 7.00556
87 3041247 7.569
88 3042359 7.4957
89 3043429 7.19883
90 3044807 7.99275
91 3045819 7.36308
92 3047120 7.67099
93 3048099 7.43735
94 3049055 7.512
95 3049944 7.10856
96 3050941 7.35426
97 3052062 7.72042
98 3052952 7.17947
99 3053851 7.41745
100 3054712 7.38644
101 3055534 7.57537
102 3056367 7.5737
103 3057236 7.55188
104 3058055 7.52881
105 3058876 7.27351
106 3059603 7.12211
107 3060347 7.44136
108 3061164 7.90551
109 3061801 6.79924
110 3062539 7.66075
111 3063235 7.6907
112 3063880 7.18688
113 3064571 7.7179
114 3065547 8.0708
115 3066322 7.96318
116 3066944 7.43506
117 3067640 7.90947
118 3068279 7.75098
119 3068898 7.43078
120 3069515 7.81297
121 3070124 8.01513
122 3070773 7.8016
123 3071352 7.72437
124 3071880 7.218
125 3072520 8.32426
126 3073114 8.1061
127 3073626 7.48632
128 3074109 7.15504
129 3074811 7.85762
130 3075359 8.23509
131 3075870 7.70062
132 3076422 7.95045
133 3076900 7.44036
134 3077400 7.7114
135 3077878 7.74356
136 3078335 7.50251
137 3078779 7.34492
138 3079338 7.97056
139 3079774 7.36836
140 3080298 7.91413
141 3080809 7.96127
142 3081238 7.56532
143 3081644 7.34138
144 3082055 7.37718
145 3082439 7.17988
146 3082823 7.29005
147 3083228 7.56935
148 3083634 8.01915
149 3084029 7.86644
150 3084430 7.47766
151 3084817 7.85667
152 3085208 7.63294
153 3085591 7.46483
154 3086004 8.18205
155 3086350 7.21392
156 3086746 7.90543
157 3087138 8.13999
158 3087553 8.56698
159 3087908 7.72114
160 3088299 8.30017
161 3088669 7.88272
162 3089043 7.91503
163 3089429 8.73534
164 3089786 8.43243
165 3090071 7.01253
166 3090397 7.73996
167 3090715 7.74385
168 3091020 7.61041
169 3091307 7.35166
170 3091633 7.25772
171 3091932 7.52256
172 3092274 8.67734
173 3092780 9.17778
174 3093060 7.52219
175 3093327 7.19546
176 3093620 7.71684
177 3093908 7.49093
178 3094177 7.25077
179 3094457 7.23933
180 3094749 7.78925
181 3095050 8.07031
182 3095504 10.2801
183 3095984 10.2945
184 3096270 14.9737
185 3096493 12.4264
186 3096959 15.3825
187 3097250 14.8409
188 3097565 14.1393
189 3097806 10.6856
190 3098071 10.6816
191 3098324 9.80011
192 3098578 9.99976
193 3098845 9.44235
194 3099109 9.41636
195 3099329 8.27275
196 3099566 8.97189
197 3099792 8.22997
198 3100021 8.26916
199 3100249 7.8433
200 3100477 8.1048
