1 25709
2 62083
3 108906
4 161163
5 208449
6 226544
7 240639
8 251630
9 259258
10 264500
11 268421
12 271771
13 274236
14 276285
15 277686
16 279162
17 280320
18 281179
19 281814
20 282489
21 283114
22 283590
23 284189
24 284650
25 284874
26 285200
27 285718
28 285974
29 286169
30 286438
31 286665
32 286798
33 287041
34 287241
35 287201
36 287366
37 287630
38 287635
39 287832
40 287873
41 288117
42 288366
43 288373
44 288423
45 288438
46 288502
47 288664
48 288656
49 288639
50 288885
51 288821
52 288770
53 288795
54 288924
55 288981
56 289035
57 289137
58 289104
59 289189
60 289201
61 289212
62 289228
63 289250
64 289212
65 289310
66 289321
67 289335
68 289433
69 289493
70 289641
71 289659
72 289648
73 289639
74 289574
75 289694
76 289761
77 289881
78 289960
79 290028
80 290084
81 290091
82 290213
83 290257
84 290265
85 290347
86 290416
87 290348
88 290378
89 290358
90 290360
91 290346
92 290448
93 290567
94 290518
95 290554
96 290564
97 290625
98 290634
99 290707
100 290634
101 290676
102 290652
103 290685
104 290786
105 290838
106 290796
107 290816
108 290848
109 290751
110 290805
111 290780
112 290799
113 290760
114 290849
115 290856
116 290875
117 290932
118 290883
119 290934
120 290975
121 291023
122 291018
123 291032
124 291068
125 291098
126 291094
127 291112
128 291154
129 291151
130 291127
131 291200
132 291179
133 291161
134 291185
135 291198
136 291234
137 291232
138 291274
139 291367
140 291332
141 291430
142 291380
143 291500
144 291389
145 291351
146 291440
147 291427
148 291446
149 291427
150 291498
151 291501
152 291543
153 291548
154 291513
155 291586
156 291634
157 291551
158 291573
159 291590
160 291634
161 291692
162 291684
163 291778
164 291721
165 291750
166 291662
167 291593
168 291717
169 291746
170 291730
171 291778
172 291734
173 291743
174 291753
175 291829
176 291781
177 291810
178 291865
179 291853
180 291912
181 291883
182 291947
183 291957
184 291985
185 291952
186 292019
187 292058
188 291937
189 292010
190 292067
191 292169
192 292234
193 292197
194 292100
195 292116
196 292133
197 292185
198 292170
199 292177
200 292158
