1 785930
2 1210930
3 1498002
4 1711942
5 1877837
6 2009716
7 2118076
8 2206492
9 2280395
10 2343082
11 2396315
12 2442249
13 2480492
14 2513752
15 2542900
16 2568071
17 2590412
18 2610375
19 2627963
20 2643386
22 2669396
24 2690271
26 2707527
28 2722394
30 2734597
33 2749073
36 2760410
39 2770525
42 2778738
46 2787778
50 2794415
55 2801347
60 2806543
66 2811554
72 2815015
79 2818835
86 2821232
94 2824567
103 2826644
113 2828411
124 2829444
136 2829792
149 2829410
163 2830856
179 2830980
196 2831914
200 2832094
