334863
1 25709 0.232359
2 61784 0.367004
3 108471 0.58917
4 161664 0.827523
5 210929 0.815571
6 231235 0.460411
7 247865 0.403971
8 260241 0.333616
9 269090 0.274735
10 275714 0.235826
11 280505 0.188441
12 284315 0.167721
13 287197 0.144399
14 289532 0.125356
15 291399 0.110776
16 292970 0.107519
17 294263 0.092642
18 295367 0.089788
19 296310 0.08073
20 297144 0.079397
21 297834 0.069545
22 298454 0.067625
23 299050 0.064823
24 299540 0.061466
25 299985 0.058728
26 300434 0.055721
27 300802 0.054281
28 301140 0.052728
29 301449 0.051284
30 301725 0.049965
31 301980 0.04881
32 302216 0.044931
33 302431 0.042082
34 302660 0.048616
35 302865 0.042248
36 303070 0.042165
37 303234 0.040772
38 303418 0.040727
39 303595 0.044769
40 303735 0.040576
41 303888 0.038386
42 304028 0.038013
43 304141 0.035545
44 304287 0.039127
45 304410 0.038269
46 304521 0.036529
47 304620 0.034533
48 304717 0.035646
49 304807 0.032419
50 304808 0.000522
