1 25709
2 63035
3 114077
4 176149
5 235930
6 260453
7 277252
8 289383
9 298184
10 305047
11 310202
12 314269
13 317531
14 320075
15 322104
16 323797
17 325265
18 326417
19 327386
20 328196
21 328923
22 329545
23 330093
24 330567
25 330986
26 331348
27 331664
28 331931
29 332181
30 332405
31 332591
32 332767
33 332914
34 333056
35 333181
36 333301
37 333398
38 333496
39 333591
40 333670
41 333741
42 333809
43 333864
44 333935
45 333988
46 334047
47 334088
48 334139
49 334182
50 334223
51 334253
52 334281
53 334317
54 334351
55 334373
56 334400
57 334427
58 334450
59 334474
60 334488
61 334504
62 334518
63 334537
64 334551
65 334565
66 334578
67 334590
68 334611
69 334623
70 334631
71 334637
72 334644
73 334654
74 334661
75 334666
76 334674
77 334678
78 334679
79 334684
80 334692
81 334696
82 334705
83 334711
84 334713
85 334721
86 334726
87 334730
88 334736
89 334740
90 334744
91 334746
92 334750
93 334753
94 334758
95 334761
96 334766
97 334769
98 334773
99 334777
100 334780
101 334781
102 334783
104 334785
105 334790
106 334791
107 334792
108 334795
109 334796
110 334797
111 334799
112 334801
114 334803
115 334804
116 334806
117 334807
118 334808
119 334811
120 334813
122 334814
123 334818
124 334820
126 334821
127 334822
128 334824
129 334825
131 334826
136 334830
139 334832
142 334835
144 334836
145 334838
149 334840
151 334842
152 334843
158 334844
160 334845
163 334846
165 334847
171 334848
177 334849
179 334850
180 334851
196 334853
197 334854
205 334855
212 334856
217 334857
219 334858
228 334859
230 334860
257 334861
324 334862
549 334863
