1 67767
2 110959
3 149046
4 185900
5 221607
6 256597
7 291300
8 325274
9 358263
10 390526
11 421409
12 451260
13 479481
14 506492
15 532544
16 557137
17 580531
18 602751
19 623639
20 643313
21 662250
22 680092
23 697048
24 713303
25 728568
26 742951
27 756616
28 769587
29 782057
30 793888
31 805080
32 815931
33 826144
34 835751
35 845127
36 854122
37 862582
38 870797
39 878752
40 886348
41 893581
42 900581
43 907316
44 913770
45 920020
46 926000
47 931824
48 937494
49 942970
50 948225
51 953283
52 958146
53 962842
54 967498
55 972024
56 976363
57 980465
58 984543
59 988433
60 992403
61 996033
62 999618
63 1003142
64 1006540
65 1009820
66 1013099
67 1016274
68 1019242
69 1022207
70 1025139
71 1027934
72 1030645
73 1033355
74 1035997
75 1038530
76 1040961
77 1043437
78 1045826
79 1048129
80 1050391
81 1052597
82 1054796
83 1056867
84 1059031
85 1061092
86 1063051
87 1065083
88 1067024
89 1068904
90 1070783
91 1072600
92 1074393
93 1076077
94 1077779
95 1079423
96 1081050
97 1082629
98 1084187
99 1085742
100 1087241
101 1088779
102 1090331
103 1091804
104 1093226
105 1094672
106 1096028
107 1097347
108 1098678
109 1099930
110 1101202
111 1102438
112 1103722
113 1104916
114 1106100
115 1107291
116 1108456
117 1109593
118 1110733
119 1111826
120 1112932
121 1114000
122 1115068
123 1116102
124 1117097
125 1118129
126 1119103
127 1120088
128 1121010
129 1121998
130 1122944
131 1123871
132 1124793
133 1125698
134 1126584
135 1127525
136 1128366
137 1129230
138 1130067
139 1130951
140 1131779
141 1132668
142 1133430
143 1134221
144 1134955
145 1135713
146 1136497
147 1137275
148 1137961
149 1138714
150 1139506
151 1140188
152 1140869
153 1141570
154 1142253
155 1142978
156 1143657
157 1144349
158 1145013
159 1145679
160 1146345
161 1146930
162 1147557
163 1148193
164 1148847
165 1149468
166 1150041
167 1150671
168 1151248
169 1151799
170 1152422
171 1152989
172 1153596
173 1154107
174 1154657
175 1155213
176 1155752
177 1156322
178 1156846
179 1157396
180 1157892
181 1158400
182 1158912
183 1159421
184 1159900
185 1160371
186 1160887
187 1161364
188 1161865
189 1162337
190 1162865
191 1163333
192 1163812
193 1164271
194 1164726
195 1165168
196 1165638
197 1166046
198 1166469
199 1166910
200 1166911
