1 785930
2 1215438
3 1513023
4 1742264
5 1926938
6 2081240
7 2214415
8 2329727
9 2432177
10 2523323
11 2606055
12 2682161
13 2750516
14 2813643
15 2871867
16 2925917
17 2976141
18 3023082
19 3066765
20 3107722
21 3145880
22 3181631
23 3215600
24 3247344
25 3277372
26 3305686
27 3332610
28 3358072
29 3382233
30 3405206
31 3426940
32 3447629
33 3467261
34 3486010
35 3504052
36 3521117
37 3537203
38 3552557
39 3567067
40 3580973
41 3594401
42 3607069
43 3619220
44 3630966
45 3642402
46 3653293
47 3663766
48 3673935
49 3683608
50 3692896
51 3701788
52 3710346
53 3718407
54 3726119
55 3733647
56 3740912
57 3747890
58 3754450
59 3760737
60 3766910
61 3772857
62 3778715
63 3784239
64 3789671
65 3794838
66 3799917
67 3804772
68 3809408
69 3813880
70 3818169
71 3822435
72 3826449
73 3830418
74 3834059
75 3837886
76 3841429
77 3844905
78 3848342
79 3851612
80 3854848
81 3857876
82 3860887
83 3863753
84 3866634
85 3869422
86 3872052
87 3874493
88 3876925
89 3879398
90 3881711
91 3884143
92 3886390
93 3888628
94 3890737
95 3892747
96 3894840
97 3896744
98 3898625
99 3900403
100 3902210
101 3903956
102 3905594
103 3907256
104 3908917
105 3910493
106 3912059
107 3913537
108 3914989
109 3916361
110 3917769
111 3919134
112 3920456
113 3921784
114 3923035
115 3924265
116 3925550
117 3926697
118 3927880
119 3928948
120 3930047
121 3931092
122 3932153
123 3933105
124 3934096
125 3935084
126 3936064
127 3936918
128 3937743
129 3938636
130 3939505
131 3940391
132 3941251
133 3942045
134 3942854
135 3943633
136 3944346
137 3945135
138 3945862
139 3946609
140 3947285
141 3947947
142 3948663
143 3949319
144 3949917
145 3950554
146 3951236
147 3951840
148 3952468
149 3953030
150 3953582
151 3954144
152 3954719
153 3955232
154 3955751
155 3956239
156 3956779
157 3957276
158 3957745
159 3958226
160 3958733
161 3959227
162 3959693
163 3960134
164 3960540
165 3960961
166 3961387
167 3961760
168 3962177
169 3962564
170 3962954
171 3963347
172 3963731
173 3964125
174 3964520
175 3964960
176 3965352
177 3965680
178 3966032
179 3966368
180 3966684
181 3967045
182 3967372
183 3967697
184 3968006
185 3968356
186 3968685
187 3968999
188 3969303
189 3969639
190 3969966
191 3970243
192 3970502
193 3970805
194 3971082
195 3971370
196 3971653
197 3971926
198 3972187
199 3972450
200 3972740
201 3972988
202 3973241
203 3973478
204 3973725
205 3973958
206 3974224
207 3974510
208 3974720
209 3974940
210 3975148
211 3975359
212 3975571
213 3975810
214 3976034
215 3976252
216 3976448
217 3976657
218 3976876
219 3977061
220 3977241
221 3977433
222 3977657
223 3977855
224 3978023
225 3978216
226 3978381
227 3978554
228 3978721
229 3978877
230 3979038
231 3979187
232 3979341
233 3979481
234 3979650
235 3979811
236 3979961
237 3980141
238 3980286
239 3980429
240 3980599
241 3980756
242 3980906
243 3981040
244 3981179
245 3981306
246 3981446
247 3981566
248 3981695
249 3981811
250 3981943
251 3982054
252 3982178
253 3982295
254 3982414
255 3982518
256 3982635
257 3982742
258 3982851
259 3982969
260 3983087
261 3983194
262 3983286
263 3983391
264 3983482
265 3983595
266 3983704
267 3983821
268 3983917
269 3984026
270 3984129
271 3984222
272 3984324
273 3984438
274 3984518
275 3984618
276 3984716
277 3984809
278 3984903
279 3985006
280 3985106
281 3985215
282 3985302
283 3985366
284 3985448
285 3985545
286 3985626
287 3985720
288 3985796
289 3985876
290 3985961
291 3986031
292 3986094
293 3986157
294 3986233
295 3986330
296 3986406
297 3986475
298 3986551
299 3986627
300 3986702
301 3986769
302 3986839
303 3986919
304 3986992
305 3987067
306 3987140
307 3987195
308 3987274
309 3987331
310 3987408
311 3987479
312 3987553
313 3987619
314 3987693
315 3987759
316 3987823
317 3987881
318 3987955
319 3988018
320 3988081
321 3988140
322 3988199
323 3988262
324 3988329
325 3988401
326 3988460
327 3988513
328 3988573
329 3988630
330 3988690
331 3988748
332 3988803
333 3988867
334 3988927
335 3988970
336 3989034
337 3989083
338 3989128
339 3989188
340 3989218
341 3989269
342 3989317
343 3989369
344 3989420
345 3989473
346 3989520
347 3989569
348 3989612
349 3989651
350 3989699
351 3989751
352 3989810
353 3989853
354 3989891
355 3989936
356 3989983
357 3990030
358 3990079
359 3990126
360 3990174
361 3990222
362 3990267
363 3990309
364 3990349
365 3990379
366 3990414
367 3990458
368 3990492
369 3990535
370 3990569
371 3990615
372 3990660
373 3990704
374 3990752
375 3990802
376 3990841
377 3990882
378 3990921
379 3990962
380 3991001
381 3991035
382 3991078
383 3991130
384 3991171
385 3991214
386 3991253
387 3991291
388 3991360
389 3991427
390 3991507
391 3991557
392 3991601
393 3991634
394 3991672
395 3991717
396 3991753
397 3991789
398 3991834
399 3991859
400 3991889
401 3991923
402 3991953
403 3991989
404 3992017
405 3992062
406 3992098
407 3992131
408 3992172
409 3992203
410 3992232
411 3992276
412 3992315
413 3992353
414 3992394
415 3992432
416 3992471
417 3992508
418 3992541
419 3992582
420 3992608
421 3992641
422 3992666
423 3992701
424 3992733
425 3992768
426 3992802
427 3992830
428 3992849
429 3992878
430 3992902
431 3992927
432 3992959
433 3992994
434 3993017
435 3993049
436 3993083
437 3993116
438 3993150
439 3993176
440 3993211
441 3993246
442 3993276
443 3993305
444 3993342
445 3993373
446 3993397
447 3993421
448 3993444
449 3993464
450 3993484
451 3993502
452 3993527
453 3993550
454 3993567
455 3993580
456 3993610
457 3993626
458 3993652
459 3993672
460 3993698
461 3993715
462 3993733
463 3993755
464 3993780
465 3993807
466 3993830
467 3993857
468 3993879
469 3993893
470 3993916
471 3993935
472 3993957
473 3993970
474 3993988
475 3993999
476 3994015
477 3994042
478 3994055
479 3994065
480 3994083
481 3994113
482 3994125
483 3994147
484 3994172
485 3994190
486 3994206
487 3994229
488 3994243
489 3994265
490 3994284
491 3994305
492 3994332
493 3994353
494 3994377
495 3994389
496 3994411
497 3994428
498 3994444
499 3994466
500 3994487
501 3994509
502 3994525
503 3994543
504 3994556
505 3994566
506 3994586
507 3994609
508 3994624
509 3994638
510 3994647
511 3994662
512 3994673
513 3994702
514 3994720
515 3994736
516 3994752
517 3994763
518 3994777
519 3994790
520 3994805
521 3994819
522 3994830
523 3994840
524 3994853
525 3994869
526 3994875
527 3994893
528 3994902
529 3994915
530 3994924
531 3994931
532 3994944
533 3994950
534 3994963
535 3994973
536 3994979
537 3994991
538 3995002
539 3995011
540 3995027
541 3995039
542 3995048
543 3995062
544 3995073
545 3995084
546 3995095
547 3995103
548 3995121
549 3995129
550 3995146
551 3995159
552 3995172
553 3995182
554 3995194
555 3995208
556 3995219
557 3995236
558 3995245
559 3995261
560 3995270
561 3995276
562 3995285
563 3995299
564 3995309
565 3995327
566 3995335
567 3995350
568 3995365
569 3995384
570 3995400
571 3995408
572 3995412
573 3995419
574 3995424
575 3995434
576 3995445
577 3995453
578 3995467
579 3995480
580 3995492
581 3995505
582 3995514
583 3995529
584 3995537
585 3995552
586 3995570
587 3995579
588 3995587
589 3995601
590 3995617
591 3995630
592 3995640
593 3995651
594 3995665
595 3995680
596 3995694
597 3995705
598 3995714
599 3995729
600 3995735
601 3995746
602 3995756
603 3995766
604 3995776
605 3995788
606 3995796
607 3995808
608 3995818
609 3995825
610 3995831
611 3995842
612 3995847
613 3995859
614 3995869
615 3995881
616 3995891
617 3995901
618 3995911
619 3995918
620 3995923
621 3995929
622 3995938
623 3995953
624 3995959
625 3995964
626 3995971
627 3995981
628 3995988
629 3996001
630 3996009
631 3996016
632 3996023
633 3996031
634 3996038
635 3996046
636 3996056
637 3996061
638 3996074
639 3996082
640 3996089
641 3996094
642 3996100
643 3996107
644 3996113
645 3996119
646 3996126
647 3996139
648 3996144
649 3996155
650 3996167
651 3996178
652 3996183
653 3996188
654 3996195
655 3996206
656 3996214
657 3996220
658 3996228
659 3996239
660 3996246
661 3996253
662 3996261
663 3996269
664 3996277
665 3996286
666 3996298
667 3996310
668 3996316
669 3996323
670 3996333
671 3996342
672 3996352
673 3996357
674 3996364
675 3996373
676 3996377
677 3996384
678 3996395
679 3996406
680 3996411
681 3996419
682 3996422
683 3996428
684 3996434
685 3996444
686 3996453
687 3996462
688 3996465
689 3996471
690 3996479
691 3996488
692 3996493
693 3996499
694 3996508
695 3996512
696 3996523
697 3996534
698 3996546
699 3996555
700 3996563
701 3996572
702 3996579
703 3996588
704 3996596
705 3996602
706 3996609
707 3996616
708 3996620
709 3996630
710 3996641
711 3996645
712 3996648
713 3996656
714 3996659
715 3996667
716 3996672
717 3996682
718 3996693
719 3996696
720 3996700
721 3996706
722 3996717
723 3996728
724 3996733
725 3996737
726 3996743
727 3996753
728 3996758
729 3996764
730 3996773
731 3996779
732 3996787
733 3996794
734 3996804
735 3996813
736 3996819
737 3996828
738 3996835
739 3996845
740 3996852
741 3996860
742 3996871
743 3996880
744 3996885
745 3996892
746 3996898
747 3996904
748 3996908
749 3996919
750 3996931
751 3996940
752 3996947
753 3996955
754 3996958
755 3996963
756 3996968
757 3996971
759 3996974
760 3996977
761 3996985
762 3996992
763 3996995
764 3996998
765 3997006
766 3997009
767 3997012
768 3997018
769 3997020
770 3997023
771 3997026
772 3997031
773 3997035
774 3997038
775 3997041
776 3997043
777 3997044
778 3997048
779 3997052
780 3997055
781 3997059
782 3997061
783 3997064
784 3997067
785 3997070
786 3997073
787 3997083
789 3997086
790 3997090
791 3997093
792 3997100
793 3997105
795 3997107
796 3997113
797 3997115
798 3997117
799 3997121
800 3997123
802 3997127
803 3997129
804 3997132
805 3997134
806 3997139
807 3997143
808 3997150
809 3997152
810 3997154
811 3997157
812 3997160
813 3997161
814 3997166
815 3997169
816 3997171
817 3997176
818 3997177
819 3997181
820 3997185
821 3997188
822 3997189
823 3997193
824 3997195
825 3997196
826 3997199
827 3997200
828 3997202
829 3997206
830 3997208
832 3997209
833 3997211
834 3997213
835 3997215
836 3997217
837 3997219
840 3997220
841 3997225
842 3997227
843 3997230
844 3997232
845 3997233
846 3997238
847 3997239
848 3997240
849 3997244
850 3997247
851 3997249
852 3997252
853 3997255
854 3997256
855 3997259
856 3997260
859 3997261
860 3997262
861 3997265
862 3997267
863 3997270
864 3997272
865 3997274
867 3997278
868 3997280
869 3997282
871 3997284
872 3997287
873 3997288
874 3997289
875 3997292
876 3997293
877 3997294
878 3997295
879 3997297
880 3997298
882 3997300
883 3997303
884 3997305
886 3997306
887 3997308
888 3997309
889 3997311
890 3997313
892 3997316
894 3997318
895 3997319
896 3997320
897 3997323
898 3997324
900 3997325
901 3997326
902 3997328
903 3997330
904 3997331
905 3997333
906 3997337
907 3997341
908 3997343
910 3997344
912 3997345
913 3997346
914 3997347
915 3997348
916 3997350
918 3997351
919 3997352
920 3997356
921 3997358
922 3997359
923 3997360
925 3997365
926 3997368
927 3997369
928 3997370
929 3997374
930 3997376
931 3997378
933 3997379
934 3997380
935 3997382
936 3997386
937 3997391
938 3997392
940 3997393
942 3997396
943 3997398
945 3997400
946 3997401
947 3997403
948 3997404
949 3997407
950 3997410
951 3997412
953 3997415
954 3997416
956 3997420
957 3997421
958 3997423
959 3997425
960 3997431
961 3997435
962 3997436
963 3997438
964 3997439
965 3997440
966 3997442
967 3997443
968 3997444
969 3997445
970 3997446
971 3997447
972 3997448
973 3997450
974 3997452
975 3997453
976 3997455
978 3997456
979 3997457
980 3997458
981 3997459
982 3997461
984 3997463
985 3997464
986 3997465
987 3997466
989 3997469
991 3997470
992 3997472
994 3997473
997 3997475
998 3997476
1000 3997477
1001 3997478
1002 3997480
1005 3997484
1006 3997486
1007 3997487
1009 3997488
1010 3997489
1011 3997490
1012 3997491
1014 3997492
1016 3997493
1017 3997495
1020 3997496
1021 3997497
1022 3997499
1023 3997500
1024 3997503
1026 3997505
1027 3997506
1028 3997508
1029 3997509
1030 3997510
1033 3997511
1034 3997515
1036 3997516
1040 3997518
1041 3997520
1043 3997521
1044 3997523
1047 3997525
1048 3997526
1051 3997528
1052 3997530
1053 3997531
1055 3997532
1056 3997533
1057 3997534
1061 3997535
1062 3997536
1064 3997538
1067 3997539
1068 3997540
1070 3997541
1071 3997543
1073 3997545
1074 3997547
1077 3997548
1079 3997550
1082 3997552
1083 3997553
1084 3997554
1087 3997555
1088 3997558
1090 3997560
1092 3997561
1093 3997562
1094 3997564
1095 3997566
1096 3997567
1097 3997569
1098 3997570
1099 3997571
1100 3997572
1102 3997575
1103 3997576
1104 3997577
1105 3997578
1106 3997579
1109 3997581
1110 3997582
1111 3997583
1112 3997584
1114 3997587
1115 3997588
1117 3997590
1120 3997591
1122 3997592
1123 3997593
1124 3997594
1125 3997596
1126 3997597
1127 3997600
1128 3997601
1129 3997602
1130 3997603
1131 3997604
1133 3997605
1134 3997606
1136 3997608
1138 3997609
1143 3997610
1144 3997612
1146 3997614
1147 3997615
1148 3997617
1150 3997619
1156 3997621
1157 3997622
1160 3997624
1161 3997625
1162 3997626
1163 3997627
1166 3997628
1167 3997630
1168 3997631
1170 3997632
1172 3997633
1175 3997635
1178 3997636
1180 3997639
1181 3997640
1186 3997641
1192 3997642
1194 3997643
1195 3997644
1197 3997646
1198 3997649
1200 3997650
1201 3997651
1204 3997654
1206 3997655
1209 3997656
1211 3997658
1212 3997659
1215 3997660
1216 3997661
1217 3997662
1218 3997664
1219 3997665
1220 3997667
1222 3997669
1225 3997671
1226 3997672
1227 3997674
1230 3997675
1232 3997676
1234 3997677
1239 3997679
1241 3997680
1242 3997681
1243 3997683
1248 3997684
1250 3997687
1254 3997688
1258 3997690
1259 3997691
1261 3997692
1264 3997693
1267 3997694
1269 3997695
1277 3997696
1280 3997697
1281 3997698
1282 3997699
1284 3997700
1289 3997703
1295 3997704
1296 3997706
1309 3997707
1315 3997708
1316 3997709
1320 3997710
1322 3997711
1324 3997712
1325 3997713
1326 3997714
1333 3997717
1339 3997718
1340 3997720
1342 3997723
1345 3997724
1349 3997726
1350 3997727
1351 3997728
1359 3997730
1361 3997732
1365 3997733
1367 3997734
1368 3997736
1370 3997737
1371 3997738
1372 3997739
1374 3997740
1382 3997741
1390 3997742
1392 3997744
1397 3997745
1404 3997746
1408 3997747
1409 3997748
1410 3997749
1411 3997750
1412 3997751
1413 3997752
1414 3997753
1418 3997754
1419 3997755
1420 3997756
1422 3997757
1424 3997758
1431 3997759
1443 3997760
1445 3997761
1451 3997763
1462 3997764
1465 3997766
1468 3997767
1469 3997768
1471 3997769
1475 3997770
1478 3997772
1491 3997773
1492 3997774
1496 3997775
1512 3997776
1514 3997777
1518 3997778
1522 3997779
1523 3997780
1526 3997781
1534 3997782
1540 3997783
1548 3997784
1550 3997785
1556 3997786
1563 3997788
1564 3997789
1569 3997790
1575 3997791
1580 3997792
1582 3997793
1585 3997795
1588 3997796
1589 3997797
1596 3997798
1607 3997799
1614 3997800
1616 3997801
1618 3997802
1622 3997803
1624 3997804
1631 3997805
1634 3997806
1647 3997807
1650 3997808
1674 3997809
1689 3997810
1705 3997811
1710 3997812
1723 3997813
1732 3997815
1738 3997817
1751 3997818
1762 3997819
1765 3997821
1766 3997822
1771 3997823
1789 3997824
1791 3997825
1796 3997828
1798 3997829
1821 3997830
1823 3997831
1828 3997832
1829 3997833
1830 3997834
1836 3997835
1858 3997836
1862 3997837
1878 3997838
1904 3997839
1910 3997840
1915 3997841
1925 3997842
1935 3997843
1936 3997844
1940 3997846
1942 3997847
1958 3997848
1967 3997849
1983 3997850
2000 3997851
2012 3997852
2024 3997853
2031 3997854
2036 3997855
2059 3997856
2068 3997857
2075 3997858
2078 3997859
2125 3997860
2129 3997861
2135 3997862
2165 3997863
2168 3997864
2177 3997865
2195 3997866
2199 3997867
2201 3997868
2204 3997869
2211 3997870
2221 3997871
2267 3997872
2278 3997873
2304 3997874
2328 3997875
2329 3997876
2346 3997877
2354 3997879
2357 3997880
2375 3997881
2383 3997882
2385 3997883
2395 3997884
2398 3997885
2400 3997886
2411 3997887
2427 3997888
2442 3997889
2456 3997890
2458 3997891
2459 3997892
2461 3997893
2471 3997894
2477 3997896
2480 3997897
2498 3997898
2499 3997899
2501 3997900
2504 3997901
2525 3997903
2557 3997904
2558 3997905
2591 3997906
2610 3997907
2627 3997908
2646 3997909
2665 3997910
2710 3997911
2716 3997912
2729 3997913
2740 3997914
2757 3997915
2809 3997916
2815 3997917
2824 3997918
2851 3997919
2856 3997920
2895 3997921
2930 3997923
2935 3997924
2952 3997925
2966 3997926
2986 3997927
2992 3997928
2999 3997929
3007 3997930
3033 3997931
3093 3997932
3205 3997933
3260 3997934
3308 3997935
3447 3997936
3493 3997937
3495 3997938
3600 3997939
3726 3997940
3747 3997941
3938 3997942
3954 3997943
4031 3997944
4122 3997945
4177 3997946
4202 3997947
4325 3997948
4345 3997949
4421 3997950
4533 3997951
4634 3997952
4649 3997953
4699 3997954
4733 3997955
4937 3997956
5150 3997957
5631 3997958
6045 3997959
9442 3997960
12870 3997961
14815 3997962
