1 785930
2 1207787
3 1491007
4 1700947
5 1862709
6 1991425
7 2096398
8 2181870
9 2253564
10 2313713
11 2364739
12 2408324
13 2444901
14 2476901
15 2503676
16 2527298
17 2546979
18 2566035
19 2582259
20 2595621
21 2608529
22 2619732
23 2629866
24 2638983
25 2646868
26 2653871
27 2660564
28 2666145
29 2671548
30 2676409
31 2680933
32 2684899
33 2688600
34 2691594
35 2694181
36 2697305
37 2700812
38 2703010
39 2705022
40 2707804
41 2709617
42 2711760
43 2714148
44 2715313
45 2716704
46 2718121
47 2720220
