1 25709
2 62083
3 108906
4 161163
5 208449
6 226544
7 240639
8 251630
9 259258
10 264500
11 268421
12 271771
13 274236
14 276285
15 277686
16 279162
17 280320
18 281179
19 281814
20 282489
21 283114
22 283590
23 284189
24 284650
25 284874
26 285200
27 285718
28 285974
29 286169
30 286438
31 286665
32 286798
33 287041
34 287241
35 287201
36 287366
37 287630
38 287635
39 287832
40 287873
41 288117
42 288366
43 288373
44 288423
45 288438
46 288502
47 288664
48 288656
49 288639
50 288885
51 288821
52 288770
53 288795
54 288924
55 288981
56 289035
57 289137
58 289104
59 289189
60 289201
61 289212
62 289228
63 289250
64 289212
65 289310
66 289321
67 289335
68 289433
69 289493
70 289641
71 289659
72 289648
73 289639
74 289574
75 289694
76 289761
77 289881
78 289960
79 290028
80 290084
81 290091
82 290213
83 290257
84 290265
85 290347
86 290416
87 290348
88 290378
89 290358
90 290360
91 290346
92 290448
93 290567
94 290518
95 290554
96 290564
97 290625
98 290634
99 290707
100 290634
