1 67767
2 110959
3 149019
4 185838
5 221428
6 256269
7 290735
8 324329
9 356737
10 388334
11 418244
12 446701
13 473297
14 498270
15 521909
16 543990
17 564236
18 583094
19 600373
20 616202
22 644782
24 668056
26 687228
28 703843
30 717328
33 733832
36 745498
39 754753
42 761817
46 768573
50 773055
55 777634
60 779940
66 781934
72 781627
79 781626
86 781800
94 780669
103 778868
113 776517
124 773362
136 770578
149 767773
163 762545
179 758327
196 753364
215 749705
236 744064
259 739935
284 732071
312 728297
343 720357
377 719202
414 718651
455 709056
500 705740
550 706771
605 693285
665 686691
731 682479
804 678380
884 674449
972 670789
1000 667133
