1 785930
2 1206957
3 1488250
4 1695592
5 1854306
6 1978431
7 2078344
8 2158443
9 2223883
10 2277585
11 2322329
12 2358641
13 2389334
14 2415091
15 2435824
16 2454523
17 2469937
18 2483037
19 2494866
20 2504537
21 2513553
22 2520807
23 2527350
24 2533150
25 2538271
26 2543767
27 2547558
28 2551599
29 2555105
30 2558847
31 2561372
32 2563944
33 2566442
34 2569081
35 2571558
36 2573679
37 2575638
38 2578257
39 2580685
40 2581712
41 2583177
42 2585129
43 2586443
44 2587398
45 2589761
46 2591268
47 2592986
48 2594219
49 2594386
50 2595407
51 2596669
52 2597847
53 2599269
54 2600147
55 2600233
56 2602132
57 2602419
58 2602165
59 2603208
60 2603906
61 2604182
62 2604848
63 2605131
64 2607158
65 2606997
66 2607780
67 2608948
68 2609808
69 2609764
70 2609504
71 2610431
72 2611362
73 2611642
74 2613323
75 2611502
76 2612902
77 2613040
78 2614469
79 2614632
80 2614333
81 2615127
82 2614902
83 2615028
84 2614727
85 2616003
86 2615132
87 2615609
88 2616193
89 2615594
90 2617104
91 2617588
92 2617840
93 2617859
94 2617886
95 2619377
96 2618071
97 2618976
98 2618324
99 2618988
100 2618805
101 2621334
102 2618989
103 2620328
104 2619318
105 2619882
106 2620925
107 2620582
108 2621043
109 2621222
110 2622102
111 2622508
112 2621782
113 2622006
114 2623029
115 2622601
116 2622434
117 2622719
118 2623174
119 2622353
120 2622754
121 2623105
122 2622978
123 2622979
124 2623671
125 2623691
126 2623641
127 2623682
128 2624514
129 2625053
130 2624416
131 2624698
132 2624456
133 2624975
134 2623446
135 2623532
136 2624443
137 2625038
138 2625776
139 2625597
140 2625002
141 2625232
142 2624823
143 2623944
144 2624063
145 2623895
146 2623183
147 2625043
148 2623818
149 2624692
150 2623766
151 2624434
152 2625084
153 2624827
154 2625928
155 2626041
156 2625720
157 2626484
158 2625791
159 2625532
160 2627472
161 2626721
162 2625973
163 2626777
164 2626766
165 2625798
166 2626150
167 2625572
168 2626065
169 2625425
170 2627279
171 2626207
172 2626246
173 2626437
174 2627693
175 2626164
176 2625876
177 2627810
178 2627423
179 2628223
180 2627712
181 2627421
182 2627827
183 2627210
184 2627193
185 2626875
186 2628617
187 2626714
188 2627464
189 2626837
190 2628385
191 2629424
192 2628425
193 2627638
194 2627611
195 2627378
196 2627865
197 2628502
198 2626849
199 2627623
200 2626647
