graph {
	node [shape=box]
	core -- "8 6 12 11 5 28 17 23 21 24 18 7 25 15 27 4"
	"8 6 12 11 5 28 17 23 21 24 18 7 25 15 27 4" -- "9 6 12 7 18 24 25 21 23 17 5 28 11 8 15 27"
	"9 6 12 7 18 24 25 21 23 17 5 28 11 8 15 27" -- "10 12 7 8 18 24 25 27 21 23 15 9 11 28 17 6"
	"10 12 7 8 18 24 25 27 21 23 15 9 11 28 17 6" -- "13 9 11 27 28 17 10 21 15 24 25 7 18 8 23 12"
	"13 9 11 27 28 17 10 21 15 24 25 7 18 8 23 12" -- "14 18 24 25 15 21 10 23 17 28 27 11 9 13 8"
	"14 18 24 25 15 21 10 23 17 28 27 11 9 13 8" -- "19 9 14 25 15 21 10 23 17 28 27 11 24 18"
	"19 9 14 25 15 21 10 23 17 28 27 11 24 18" -- "20 11 27 28 17 23 10 21 15 19 25 14 9"
	"20 11 27 28 17 23 10 21 15 19 25 14 9" -- "26 21 10 15 23 17 28 27 11 25 20"
	"26 21 10 15 23 17 28 27 11 25 20" -- "22 11 17 27 23 15 26 10 21"
	"22 11 17 27 23 15 26 10 21" -- "16 23 17 10 21 22 11 15"
}
