graph {
	node [shape=box]
	core -- "81 18 63 76 85 39 42 68 65 73 87 7 17 16 20 12 21 33 32 78 25 57 70 27 30 6 62 38 34 47 40 52 51 10 46 37 67 36 83 86 9 29 92 69 82 35 58 11 80 19 66 90 43 26 3 44 2 79 13 31 41 74"
	"81 18 63 76 85 39 42 68 65 73 87 7 17 16 20 12 21 33 32 78 25 57 70 27 30 6 62 38 34 47 40 52 51 10 46 37 67 36 83 86 9 29 92 69 82 35 58 11 80 19 66 90 43 26 3 44 2 79 13 31 41 74" -- "84 63 76 85 39 42 68 65 73 87 7 17 16 20 12 21 33 32 78 25 57 70 27 30 13 3 31 79 74 2 43 90 80 58 11 44 69 6 29 26 92 9 35 82 83 36 67 37 46 10 66 19 51 52 18 86 40 38 62 47 81 34"
	"84 63 76 85 39 42 68 65 73 87 7 17 16 20 12 21 33 32 78 25 57 70 27 30 13 3 31 79 74 2 43 90 80 58 11 44 69 6 29 26 92 9 35 82 83 36 67 37 46 10 66 19 51 52 18 86 40 38 62 47 81 34" -- "95 76 85 39 42 68 65 73 87 92 37 84 7 51 52 67 38 47 36 83 6 29 19 66 34 81 40 62 46 82 35 86 26 44 11 58 90 43 27 74 78 31 3 13 30 69 70 10 57 2 25 32 79 80 33 9 21 12 17 63 16 20"
	"95 76 85 39 42 68 65 73 87 92 37 84 7 51 52 67 38 47 36 83 6 29 19 66 34 81 40 62 46 82 35 86 26 44 11 58 90 43 27 74 78 31 3 13 30 69 70 10 57 2 25 32 79 80 33 9 21 12 17 63 16 20" -- "1 39 42 68 65 73 87 7 95 17 16 20 12 21 33 32 78 25 57 70 27 30 13 3 31 79 74 2 43 90 80 58 11 44 69 26 86 35 82 46 62 40 81 34 66 19 9 10 83 36 47 84 37 85 38 52 51 67 92 76 29 6"
	"1 39 42 68 65 73 87 7 95 17 16 20 12 21 33 32 78 25 57 70 27 30 13 3 31 79 74 2 43 90 80 58 11 44 69 26 86 35 82 46 62 40 81 34 66 19 9 10 83 36 47 84 37 85 38 52 51 67 92 76 29 6" -- "8 68 65 73 87 7 95 17 16 20 12 21 33 32 78 25 57 70 27 30 13 3 31 79 74 2 43 90 80 58 11 44 69 26 35 82 46 62 40 81 34 1 9 10 83 36 84 37 92 66 19 42 29 6 52 51 86 39 38 67 47"
	"8 68 65 73 87 7 95 17 16 20 12 21 33 32 78 25 57 70 27 30 13 3 31 79 74 2 43 90 80 58 11 44 69 26 35 82 46 62 40 81 34 1 9 10 83 36 84 37 92 66 19 42 29 6 52 51 86 39 38 67 47" -- "22 73 87 7 95 17 16 20 12 21 33 32 78 25 66 19 57 10 80 13 79 31 70 3 26 74 27 2 90 43 44 58 11 69 92 29 9 86 8 35 82 83 36 67 84 37 46 1 51 52 40 47 81 34 62 38 6 30 65 68"
	"22 73 87 7 95 17 16 20 12 21 33 32 78 25 66 19 57 10 80 13 79 31 70 3 26 74 27 2 90 43 44 58 11 69 92 29 9 86 8 35 82 83 36 67 84 37 46 1 51 52 40 47 81 34 62 38 6 30 65 68" -- "48 7 95 17 16 20 12 21 33 32 78 25 57 70 27 22 30 13 3 31 79 74 2 43 90 80 58 11 44 69 86 35 82 46 62 38 92 87 40 52 51 81 34 67 84 37 1 47 83 36 29 6 9 8 66 19 10 26 73"
	"48 7 95 17 16 20 12 21 33 32 78 25 57 70 27 22 30 13 3 31 79 74 2 43 90 80 58 11 44 69 86 35 82 46 62 38 92 87 40 52 51 81 34 67 84 37 1 47 83 36 29 6 9 8 66 19 10 26 73" -- "61 17 16 20 12 21 33 32 78 25 57 70 27 22 30 13 3 31 79 74 2 43 90 80 58 11 44 69 26 86 35 82 46 62 40 81 34 95 1 48 66 19 9 10 29 6 83 36 47 38 67 52 51 7 8 84 37 92"
	"61 17 16 20 12 21 33 32 78 25 57 70 27 22 30 13 3 31 79 74 2 43 90 80 58 11 44 69 26 86 35 82 46 62 40 81 34 95 1 48 66 19 9 10 29 6 83 36 47 38 67 52 51 7 8 84 37 92" -- "5 12 21 33 32 78 25 57 70 27 22 30 81 66 13 3 31 79 74 2 43 90 52 80 58 11 44 69 26 86 35 82 46 62 61 38 92 51 34 20 67 84 37 1 48 83 36 10 19 8 16 47 6 29 17 40 9"
	"5 12 21 33 32 78 25 57 70 27 22 30 81 66 13 3 31 79 74 2 43 90 52 80 58 11 44 69 26 86 35 82 46 62 61 38 92 51 34 20 67 84 37 1 48 83 36 10 19 8 16 47 6 29 17 40 9" -- "15 32 78 25 57 70 27 22 30 81 66 13 3 31 79 74 2 43 90 58 11 44 62 69 26 86 35 82 46 61 38 92 40 52 5 51 34 84 37 1 48 83 36 6 29 9 19 8 47 80 33 10 67 21 12"
	"15 32 78 25 57 70 27 22 30 81 66 13 3 31 79 74 2 43 90 58 11 44 62 69 26 86 35 82 46 61 38 92 40 52 5 51 34 84 37 1 48 83 36 6 29 9 19 8 47 80 33 10 67 21 12" -- "28 57 70 27 22 30 81 66 13 3 74 2 43 90 80 58 11 44 69 26 86 35 82 46 62 15 61 38 92 40 52 5 51 25 34 67 84 37 6 29 31 78 79 32 9 10 83 36 48 1 47 19 8"
	"28 57 70 27 22 30 81 66 13 3 74 2 43 90 80 58 11 44 69 26 86 35 82 46 62 15 61 38 92 40 52 5 51 25 34 67 84 37 6 29 31 78 79 32 9 10 83 36 48 1 47 19 8" -- "53 30 6 15 62 38 61 34 81 47 40 5 52 28 51 48 1 46 37 84 67 36 83 82 35 8 86 9 29 92 22 69 11 58 44 43 90 2 27 74 26 3 70 31 79 13 80 10 57 19 66"
	"53 30 6 15 62 38 61 34 81 47 40 5 52 28 51 48 1 46 37 84 67 36 83 82 35 8 86 9 29 92 22 69 11 58 44 43 90 2 27 74 26 3 70 31 79 13 80 10 57 19 66" -- "64 66 13 3 31 79 74 2 43 90 80 58 11 44 69 29 26 92 9 86 8 35 82 83 36 67 84 37 46 10 19 1 48 51 28 52 5 40 47 81 34 61 38 62 15 6 53 30"
	"64 66 13 3 31 79 74 2 43 90 80 58 11 44 69 29 26 92 9 86 8 35 82 83 36 67 84 37 46 10 19 1 48 51 28 52 5 40 47 81 34 61 38 62 15 6 53 30" -- "75 83 36 31 8 6 29 43 90 9 79 10 58 11 35 82 74 28 44 67 62 15 61 47 48 1 37 84 38 69 92 46 40 86 64 3 26 51 5 52 13 2 19 66 80 34"
	"75 83 36 31 8 6 29 43 90 9 79 10 58 11 35 82 74 28 44 67 62 15 61 47 48 1 37 84 38 69 92 46 40 86 64 3 26 51 5 52 13 2 19 66 80 34" -- "45 2 52 5 51 80 34 26 64 86 40 46 92 38 84 37 1 48 47 69 61 15 62 67 44 19 75 28 74 82 35 11 58 10 79 9 90 43 29 6 8 31 36 83"
	"45 2 52 5 51 80 34 26 64 86 40 46 92 38 84 37 1 48 47 69 61 15 62 67 44 19 75 28 74 82 35 11 58 10 79 9 90 43 29 6 8 31 36 83" -- "56 8 19 44 67 28 29 6 62 15 10 61 69 47 9 48 1 37 84 38 45 92 46 36 82 40 86 64 26 34 11 80 51 5 52 90 2"
	"56 8 19 44 67 28 29 6 62 15 10 61 69 47 9 48 1 37 84 38 45 92 46 36 82 40 86 64 26 34 11 80 51 5 52 90 2" -- "72 26 64 86 82 46 38 92 40 34 84 37 1 48 36 56 9 47 69 61 10 15 62 6 29 28 5 51 67 44 19 8"
	"72 26 64 86 82 46 38 92 40 34 84 37 1 48 36 56 9 47 69 61 10 15 62 6 29 28 5 51 67 44 19 8" -- "89 15 40 28 5 72 34 1 48 19 10 47 46 84 37 51 67 38 61 36 82 8 86 64 9 92 26 29 6"
	"89 15 40 28 5 72 34 1 48 19 10 47 46 84 37 51 67 38 61 36 82 8 86 64 9 92 26 29 6" -- "93 8 19 9 10 29 6 36 47 48 1 37 67 89 34 72 51 5 28 40 92 38 61 15"
	"93 8 19 9 10 29 6 36 47 48 1 37 67 89 34 72 51 5 28 40 92 38 61 15" -- "54 92 89 67 51 61 38 37 93 1 47 36 6 29 10 9 19 8"
}
