graph {
	node [shape=box]
	core -- "28 57 70 27 22 30 81 66 13 3 74 2 43 90 80 58 11 44 69 26 86 35 82 46 62 15 61 38 92 40 52 5 51 25 34 67 84 37 6 29 31 78 79 32 9 10 83 36 48 1 47 19 8"
	"28 57 70 27 22 30 81 66 13 3 74 2 43 90 80 58 11 44 69 26 86 35 82 46 62 15 61 38 92 40 52 5 51 25 34 67 84 37 6 29 31 78 79 32 9 10 83 36 48 1 47 19 8" -- "53 30 6 15 62 38 61 34 81 47 40 5 52 28 51 48 1 46 37 84 67 36 83 82 35 8 86 9 29 92 22 69 11 58 44 43 90 2 27 74 26 3 70 31 79 13 80 10 57 19 66"
	"53 30 6 15 62 38 61 34 81 47 40 5 52 28 51 48 1 46 37 84 67 36 83 82 35 8 86 9 29 92 22 69 11 58 44 43 90 2 27 74 26 3 70 31 79 13 80 10 57 19 66" -- "64 66 13 3 31 79 74 2 43 90 80 58 11 44 69 29 26 92 9 86 8 35 82 83 36 67 84 37 46 10 19 1 48 51 28 52 5 40 47 81 34 61 38 62 15 6 53 30"
	"64 66 13 3 31 79 74 2 43 90 80 58 11 44 69 29 26 92 9 86 8 35 82 83 36 67 84 37 46 10 19 1 48 51 28 52 5 40 47 81 34 61 38 62 15 6 53 30" -- "75 83 36 31 8 6 29 43 90 9 79 10 58 11 35 82 74 28 44 67 62 15 61 47 48 1 37 84 38 69 92 46 40 86 64 3 26 51 5 52 13 2 19 66 80 34"
	"75 83 36 31 8 6 29 43 90 9 79 10 58 11 35 82 74 28 44 67 62 15 61 47 48 1 37 84 38 69 92 46 40 86 64 3 26 51 5 52 13 2 19 66 80 34" -- "45 2 52 5 51 80 34 26 64 86 40 46 92 38 84 37 1 48 47 69 61 15 62 67 44 19 75 28 74 82 35 11 58 10 79 9 90 43 29 6 8 31 36 83"
	"45 2 52 5 51 80 34 26 64 86 40 46 92 38 84 37 1 48 47 69 61 15 62 67 44 19 75 28 74 82 35 11 58 10 79 9 90 43 29 6 8 31 36 83" -- "56 8 19 44 67 28 29 6 62 15 10 61 69 47 9 48 1 37 84 38 45 92 46 36 82 40 86 64 26 34 11 80 51 5 52 90 2"
	"56 8 19 44 67 28 29 6 62 15 10 61 69 47 9 48 1 37 84 38 45 92 46 36 82 40 86 64 26 34 11 80 51 5 52 90 2" -- "72 26 64 86 82 46 38 92 40 34 84 37 1 48 36 56 9 47 69 61 10 15 62 6 29 28 5 51 67 44 19 8"
	"72 26 64 86 82 46 38 92 40 34 84 37 1 48 36 56 9 47 69 61 10 15 62 6 29 28 5 51 67 44 19 8" -- "89 15 40 28 5 72 34 1 48 19 10 47 46 84 37 51 67 38 61 36 82 8 86 64 9 92 26 29 6"
	"89 15 40 28 5 72 34 1 48 19 10 47 46 84 37 51 67 38 61 36 82 8 86 64 9 92 26 29 6" -- "93 8 19 9 10 29 6 36 47 48 1 37 67 89 34 72 51 5 28 40 92 38 61 15"
	"93 8 19 9 10 29 6 36 47 48 1 37 67 89 34 72 51 5 28 40 92 38 61 15" -- "54 92 89 67 51 61 38 37 93 1 47 36 6 29 10 9 19 8"
}
