digraph {
	node [shape=box]
	core -> "49 9 16 26 32 47 51 56 64 66 75 105"
	"49 9 16 26 32 47 51 56 64 66 75 105" -> "13 9 16 26 32 47 49 51 56 64 66 75 105"
	"13 9 16 26 32 47 49 51 56 64 66 75 105" -> "139 9 13 26 47 49 51 66 75 105"
	"13 9 16 26 32 47 49 51 56 64 66 75 105" -> "6 9 13 16 26 47 49 64 66 105"
	core -> "107 16 17 20 37 39 43 50 53 58 60 77 91 100 105 115 118 119 123 125"
	core -> "73 16 17 22 26 31 32 50 51 64 65 72 91 105 118 119 123 125 132 142"
	"73 16 17 22 26 31 32 50 51 64 65 72 91 105 118 119 123 125 132 142" -> "14 16 17 22 26 31 32 50 51 64 72 73 91 105 118 119 123 125 132 142"
	core -> "138 17 32 43 48 53 74 77 90 95 100 102 104 105 118 121 122 124"
	"138 17 32 43 48 53 74 77 90 95 100 102 104 105 118 121 122 124" -> "110 17 32 43 48 53 74 77 90 95 100 102 104 105 118 121 122 124 138"
	"14 16 17 22 26 31 32 50 51 64 72 73 91 105 118 119 123 125 132 142" -> "143 14 17 22 31 32 50 51 64 72 73 91 105 118 119 123 125 142"
	"110 17 32 43 48 53 74 77 90 95 100 102 104 105 118 121 122 124 138" -> "99 17 32 43 48 53 74 77 90 95 100 102 104 105 110 118 121 124"
	core -> "131 17 32 37 39 47 56 58 60 66 74 75 104 115 121 122 124"
	"131 17 32 37 39 47 56 58 60 66 74 75 104 115 121 122 124" -> "137 17 32 37 39 47 56 58 60 74 75 104 115 121 122 124 131"
	"107 16 17 20 37 39 43 50 53 58 60 77 91 100 105 115 118 119 123 125" -> "35 17 37 39 43 50 53 58 60 77 100 105 107 115 119 123 125"
	"99 17 32 43 48 53 74 77 90 95 100 102 104 105 110 118 121 124" -> "57 17 32 43 48 53 74 77 90 95 99 100 102 105 118 121"
	"143 14 17 22 31 32 50 51 64 72 73 91 105 118 119 123 125 142" -> "45 14 17 22 31 32 50 51 72 91 105 118 119 123 125 143"
	"57 17 32 43 48 53 74 77 90 95 99 100 102 105 118 121" -> "117 17 32 43 48 57 77 90 95 99 100 102 105 118 121"
	"117 17 32 43 48 57 77 90 95 99 100 102 105 118 121" -> "93 17 32 43 48 77 90 95 99 100 105 117 118 121"
	"93 17 32 43 48 77 90 95 99 100 105 117 118 121" -> "109 17 32 43 48 77 90 93 95 99 100 105 117 118 121"
	"45 14 17 22 31 32 50 51 72 91 105 118 119 123 125 143" -> "68 14 17 22 31 32 45 50 51 72 91 105 123 125 143"
	"109 17 32 43 48 77 90 93 95 99 100 105 117 118 121" -> "103 17 32 43 48 77 90 95 99 105 109 117 118 121"
	core -> "38 9 17 22 65 77 91 95 105 115 118 123 124"
	"38 9 17 22 65 77 91 95 105 115 118 123 124" -> "30 9 17 22 38 65 77 91 95 105 115 118 123 124"
	core -> "10 17 37 39 53 58 72 90 102 104 105 121 122 124"
	"103 17 32 43 48 77 90 95 99 105 109 117 118 121" -> "101 17 43 48 77 90 95 99 103 105 109 118 121"
	"10 17 37 39 53 58 72 90 102 104 105 121 122 124" -> "83 10 17 39 58 90 102 104 105 121 122 124"
	"30 9 17 22 38 65 77 91 95 105 115 118 123 124" -> "44 9 17 22 30 77 91 95 105 115 118 124"
	"44 9 17 22 30 77 91 95 105 115 118 124" -> "78 9 17 22 44 77 91 95 105 115 118 124"
	"137 17 32 37 39 47 56 58 60 74 75 104 115 121 122 124 131" -> "24 17 32 37 39 58 60 74 75 122 124 137"
	"68 14 17 22 31 32 45 50 51 72 91 105 123 125 143" -> "140 17 22 31 32 51 68 72 91"
	"140 17 22 31 32 51 68 72 91" -> "135 17 22 31 32 51 68 72 91 140"
	"135 17 22 31 32 51 68 72 91 140" -> "134 17 22 31 32 51 68 72 91 135 140"
	"83 10 17 39 58 90 102 104 105 121 122 124" -> "79 10 17 39 58 83 90 102 105 121 124"
	"35 17 37 39 43 50 53 58 60 77 100 105 107 115 119 123 125" -> "89 17 35 37 39 58 60 100 105 115"
	"134 17 22 31 32 51 68 72 91 135 140" -> "92 17 22 32 51 91 134"
	"92 17 22 32 51 91 134" -> "141 17 22 32 51 91 92 134"
	"141 17 22 32 51 91 92 134" -> "98 17 22 51 91 134 141"
	"98 17 22 51 91 134 141" -> "130 17 22 51 91 98 134 141"
	"130 17 22 51 91 98 134 141" -> "133 17 22 91 130 134 141"
	"133 17 22 91 130 134 141" -> "15 17 22 91 130 133 134 141"
	"15 17 22 91 130 133 134 141" -> "85 15 17 22 91 130 133 134 141"
	"85 15 17 22 91 130 133 134 141" -> "127 17 22 85 91 130 134 141"
	"127 17 22 85 91 130 134 141" -> "84 17 22 85 91 127 130 134 141"
	"84 17 22 85 91 127 130 134 141" -> "113 17 22 84 85 91 130 134 141"
	"113 17 22 84 85 91 130 134 141" -> "86 17 22 84 85 91 113 130 134 141"
	"137 17 32 37 39 47 56 58 60 74 75 104 115 121 122 124 131" -> "59 17 39 60 75 104 115 121 122 137"
	"86 17 22 84 85 91 113 130 134 141" -> "129 17 22 85 86 91 130 134 141"
	"78 9 17 22 44 77 91 95 105 115 118 124" -> "111 17 22 77 78 91 95 105 115"
	"111 17 22 77 78 91 95 105 115" -> "42 17 77 91 95 111 115"
	"42 17 77 91 95 111 115" -> "81 17 42 77 91 95 111 115"
	"81 17 42 77 91 95 111 115" -> "34 17 77 81 91 95 111 115"
	"34 17 77 81 91 95 111 115" -> "120 17 34 77 91 95 111 115"
	"120 17 34 77 91 95 111 115" -> "33 17 34 77 91 95 111 115 120"
	"33 17 34 77 91 95 111 115 120" -> "23 17 33 77 91 95 111 115 120"
	"23 17 33 77 91 95 111 115 120" -> "87 17 23 77 91 95 111 115 120"
	"87 17 23 77 91 95 111 115 120" -> "106 17 77 87 91 95 111 115 120"
	"106 17 77 87 91 95 111 115 120" -> "116 17 77 87 91 95 106 115 120"
	"79 10 17 39 58 83 90 102 105 121 124" -> "70 10 17 39 58 79 83 105 124"
	"59 17 39 60 75 104 115 121 122 137" -> "41 17 39 59 60 104 115 121 122"
	"24 17 32 37 39 58 60 74 75 122 124 137" -> "7 17 24 32 37 74 75 124 137"
	"7 17 24 32 37 74 75 124 137" -> "12 7 17 32 37 74 75 124 137"
	"12 7 17 32 37 74 75 124 137" -> "11 7 12 17 32 37 74 124 137"
	"116 17 77 87 91 95 106 115 120" -> "82 17 77 91 95 115 116 120"
	"129 17 22 85 86 91 130 134 141" -> "126 17 22 85 91 129 130"
	"89 17 35 37 39 58 60 100 105 115" -> "76 17 35 89 100 105 115"
	"101 17 43 48 77 90 95 99 103 105 109 118 121" -> "61 17 43 95 101 105 121"
	"89 17 35 37 39 58 60 100 105 115" -> "36 17 37 39 58 60 89"
	"70 10 17 39 58 79 83 105 124" -> "21 10 17 70 83 105 124"
	core -> "40 17 32 37 39 60"
	"24 17 32 37 39 58 60 74 75 122 124 137" -> "55 17 24 32 60"
	"55 17 24 32 60" -> "25 17 24 55 60"
	"126 17 22 85 91 129 130" -> "96 17 91 126"
	"96 17 91 126" -> "128 17 91 96"
	core -> "1 17 72"
}
