graph {
	node [shape=box]
	core -- "706 448 83 389 486 292 936 160 464 813 425 363 58 494 6 588 65 166 13 401 172 272 84 450 544 168 295 93 610 64 549 232 523 255 14 290 143 822 493 332 133 280 86 124 373 82 458 129 87 572 515"
	core -- "453 810 434 615 421 473 607 316 282 106 221 610 420 105 170 255 546 654 86 377 1 83 671 283 189 142 62 256 491 212 115 160 254 107 301 284 166 355 167 74 121 82 87 84 295 42 333 932 459"
	core -- "406 441 856 44 141 529 543 324 5 569 566 166 504 407 213 533 301 160 9 498 249 61 62 332 720 430 7 266 971 359 265 466 365 506 452 264 499 358 661 176 232 608 8 525 699 293 11"
	core -- "490 329 62 286 420 258 932 186 473 460 80 149 295 107 377 518 249 128 81 212 165 356 121 486 63 170 405 546 256 491 209 160 254 87 513 607 419 106 82 129 183 42 371 434 459 365"
	core -- "444 340 411 448 87 40 38 165 437 89 6 5 205 64 172 971 171 114 443 84 339 245 47 423 485 438 300 318 333 442 113 301 424 48 361 455 370 417 464 96 133 86 13 922 76 263"
	core -- "216 155 409 97 124 546 533 434 447 651 933 83 65 971 69 38 461 273 64 498 592 489 301 254 160 139 45 321 509 274 272 812 13 107 62 15 6 100 46 140 166 448 164 269 424 142"
	core -- "345 377 593 572 94 851 232 128 42 183 971 129 82 156 152 178 820 256 186 936 231 278 61 130 207 254 160 13 107 483 342 214 191 822 681 352 320 179 180 533 204 157 262 121 351 346"
	core -- "431 82 163 87 153 269 963 404 233 186 297 62 107 180 86 932 48 612 162 209 121 290 19 160 152 105 58 434 4 427 756 433 249 393 17 141 288 84 80 494 212 166 654 372 83 217"
	core -- "397 128 388 387 121 231 312 232 537 546 122 182 321 368 394 52 381 103 150 380 283 377 17 393 64 61 296 390 395 160 491 53 6 60 295 389 82 458 179 320 181 379 376 157"
	core -- "32 443 615 282 115 86 39 336 337 93 409 38 367 473 31 370 417 34 13 169 28 35 361 338 37 533 251 113 654 372 24 165 27 590 26 261 30 151 339 40 29 116 438 23"
	core -- "754 86 492 8 525 504 358 499 264 498 409 82 12 494 823 506 459 856 950 430 7 674 161 466 9 84 971 266 360 19 569 293 11 232 44 608 211 441 661 265 359 324 141 62 720"
	core -- "235 499 592 498 409 615 58 810 11 57 931 301 160 13 107 5 360 971 440 64 158 252 460 84 930 243 211 963 209 303 422 610 234 237 96 238 242 159 232 373 420 424 236 210 233"
	core -- "708 121 638 139 45 290 424 173 564 64 158 304 101 242 209 211 2 96 132 931 434 481 5 107 62 86 3 97 125 114 208 323 420 185 82 98 936 748 100 353 63 124 371 404"
	core -- "287 812 246 85 685 243 83 229 214 166 546 601 185 615 86 509 68 162 21 533 42 418 82 301 160 20 314 549 473 896 106 551 81 299 137 513 184 92 69 259 494 409 80 189"
	"406 441 856 44 141 529 543 324 5 569 566 166 504 407 213 533 301 160 9 498 249 61 62 332 720 430 7 266 971 359 265 466 365 506 452 264 499 358 661 176 232 608 8 525 699 293 11" -- "374 141 9 699 62 8 525 332 661 566 324 301 160 856 213 166 569 5 264 452 499 358 176 498 249 61 359 265 406 266 971 407 11 293 466 506 529 441 430 7 504 232 44"
	core -- "55 138 281 131 86 5 193 252 166 4 412 271 63 533 411 552 160 208 13 107 194 6 211 305 3 520 285 685 638 59 738 2 950 57 809 126 58 481 949 56 665 54"
	core -- "250 388 288 82 549 387 174 182 368 321 179 320 389 295 60 351 283 377 1 376 0 395 160 113 166 495 610 103 526 150 155 390 61 296 181 84 18 394 392 157 393 379"
	core -- "88 455 333 438 5 123 13 845 160 612 142 271 419 137 211 533 63 121 54 0 149 810 58 238 285 233 57 809 115 209 303 96 89 183 64 252 699 210 304 129 411"
	core -- "828 438 290 44 173 314 128 114 226 367 124 423 491 896 5 121 356 419 64 87 340 434 405 546 375 234 46 28 169 353 16 142 612 106 107 615 145 371 233 45 160 300"
	core -- "568 167 543 275 549 278 231 560 301 342 295 107 562 284 425 130 121 168 450 544 81 457 291 526 377 1 256 183 129 82 458 420 426 357 493 401 180 133 290 329 65"
	"216 155 409 97 124 546 533 434 447 651 933 83 65 971 69 38 461 273 64 498 592 489 301 254 160 139 45 321 509 274 272 812 13 107 62 15 6 100 46 140 166 448 164 269 424 142" -- "429 409 97 546 533 434 83 65 321 274 812 13 107 489 160 301 272 651 933 100 6 15 38 461 273 124 164 498 592 216 269 140 46 166 448 139 45 155 424 447"
	"444 340 411 448 87 40 38 165 437 89 6 5 205 64 172 971 171 114 443 84 339 245 47 423 485 438 300 318 333 442 113 301 424 48 361 455 370 417 464 96 133 86 13 922 76 263" -- "547 485 411 172 448 76 922 89 96 6 5 205 64 437 133 444 114 443 333 423 47 318 455 361 87 40 245 339 165 38 424 48 464 417 370 340 171 263 442 113"
	"235 499 592 498 409 615 58 810 11 57 931 301 160 13 107 5 360 971 440 64 158 252 460 84 930 243 211 963 209 303 422 610 234 237 96 238 242 159 232 373 420 424 236 210 233" -- "241 409 615 13 58 810 11 57 235 160 301 931 64 158 440 252 84 460 930 243 498 592 499 237 233 210 422 234 242 420 373 232 303 209 424 236 159 238 211 963"
	"706 448 83 389 486 292 936 160 464 813 425 363 58 494 6 588 65 166 13 401 172 272 84 450 544 168 295 93 610 64 549 232 523 255 14 290 143 822 493 332 133 280 86 124 373 82 458 129 87 572 515" -- "484 464 523 6 272 84 486 65 363 58 549 160 706 292 936 168 13 83 255 373 232 86 493 822 515 82 129 572 290 14 425 143 166 401 448 93 610 494 64 87"
	core -- "880 5 92 208 412 930 138 160 520 285 3 305 845 281 308 812 859 63 157 174 80 57 2 64 252 137 424 949 56 4 286 166 685 58 408 194 6 282 59"
	"374 141 9 699 62 8 525 332 661 566 324 301 160 856 213 166 569 5 264 452 499 358 176 498 249 61 359 265 406 266 971 407 11 293 466 506 529 441 430 7 504 232 44" -- "502 466 176 699 62 324 569 566 213 498 249 61 9 141 11 160 301 661 332 525 8 374 264 452 499 358 265 406 359 504 232 44 529 506 266 971 407 430 7"
	core -- "198 562 168 207 95 329 94 64 205 204 485 203 593 543 167 623 200 290 196 197 128 201 387 434 199 820 776 165 51 419 5 258 31 206 183 41 229 129"
	core -- "25 255 183 437 93 462 133 442 301 160 370 28 35 409 37 339 10 654 361 533 27 24 588 494 165 590 26 438 87 40 29 30 473 459 36 13 38 34 23"
	core -- "325 74 336 297 311 89 20 728 93 326 420 478 5 508 259 306 400 509 64 87 340 409 248 13 82 331 143 96 549 173 971 92 327 69 65 21 950 10"
	"429 409 97 546 533 434 83 65 321 274 812 13 107 489 160 301 272 651 933 100 6 15 38 461 273 124 164 498 592 216 269 140 46 166 448 139 45 155 424 447" -- "428 97 124 546 533 434 83 65 38 461 273 272 321 274 409 164 166 448 489 301 160 139 45 933 651 498 216 592 140 46 269 447 15 13 812 107 429"
	"547 485 411 172 448 76 922 89 96 6 5 205 64 437 133 444 114 443 333 423 47 318 455 361 87 40 245 339 165 38 424 48 464 417 370 340 171 263 442 113" -- "976 172 448 38 165 437 96 6 5 205 64 89 40 411 485 424 48 423 47 464 417 245 171 547 443 114 455 361 113 442 318 263 922 76 444 333"
	"976 172 448 38 165 437 96 6 5 205 64 89 40 411 485 424 48 423 47 464 417 245 171 547 443 114 455 361 113 442 318 263 922 76 444 333" -- "981 172 448 38 165 437 96 6 5 205 64 89 40 411 485 424 48 423 47 245 171 547 922 76 444 114 443 455 361 113 442 976 318 464 417 263 333"
	core -- "860 36 105 470 411 223 74 280 73 113 232 900 336 337 338 375 464 135 123 170 14 531 437 64 816 455 753 28 169 116 438 251 165 339 115 248 483"
	core -- "613 118 189 86 121 223 62 66 160 252 460 56 491 303 96 435 59 106 5 166 206 170 546 316 57 89 747 748 100 288 409 127 243 163 211 537 756"
	"431 82 163 87 153 269 963 404 233 186 297 62 107 180 86 932 48 612 162 209 121 290 19 160 152 105 58 434 4 427 756 433 249 393 17 141 288 84 80 494 212 166 654 372 83 217" -- "50 19 233 186 297 62 107 180 86 932 212 494 83 288 121 963 269 209 162 404 82 372 654 217 393 17 290 431 87 433 163 612 48 152 153 84"
	core -- "403 199 51 457 93 543 419 440 256 275 84 413 183 172 971 377 537 14 813 450 168 544 526 291 473 426 425 166 401 493 221 458 129 53 133"
	"50 19 233 186 297 62 107 180 86 932 212 494 83 288 121 963 269 209 162 404 82 372 654 217 393 17 290 431 87 433 163 612 48 152 153 84" -- "49 233 186 107 372 180 86 932 212 494 288 121 393 17 209 162 404 963 269 217 433 19 84 153 87 62 297 163 612 48 431 290 83 152 50"
	core -- "190 971 366 409 121 311 549 473 16 533 282 329 564 87 189 509 86 494 162 13 82 434 105 420 42 418 108 296 299 184 69 62 106 459 160"
	core -- "918 822 124 278 592 87 292 232 196 128 95 377 14 166 395 207 167 820 199 51 200 197 205 64 41 922 593 94 201 494 776 917 204 206"
	"428 97 124 546 533 434 83 65 38 461 273 272 321 274 409 164 166 448 489 301 160 139 45 933 651 498 216 592 140 46 269 447 15 13 812 107 429" -- "446 97 124 546 533 434 83 321 274 65 272 428 15 164 216 592 498 429 139 45 489 301 160 269 273 38 461 447 933 140 46 13 166 448"
	core -- "347 176 177 200 148 380 381 52 178 460 58 105 278 231 181 160 377 612 352 258 681 61 179 307 166 156 215 262 349 149 122 191 157 180"
	"345 377 593 572 94 851 232 128 42 183 971 129 82 156 152 178 820 256 186 936 231 278 61 130 207 254 160 13 107 483 342 214 191 822 681 352 320 179 180 533 204 157 262 121 351 346" -- "350 128 207 160 42 183 129 214 971 232 851 107 342 13 278 231 936 157 204 345 533 320 352 681 822 178 94 572 820 593 351 191 377 180"
	core -- "468 218 62 5 460 258 211 17 64 122 13 342 107 256 162 82 223 180 495 221 560 231 419 309 121 74 316 365 172 301 160 167 148 1 377"
	core -- "445 232 83 917 5 256 820 133 86 201 13 128 129 82 79 518 424 366 77 205 64 581 310 395 160 254 301 531 51 419 139 45 340 62"
	core -- "913 933 11 426 362 19 569 9 360 265 359 498 707 699 509 141 12 529 506 213 183 700 560 666 525 504 44 499 922 358 950 856 430 7"
	core -- "803 408 211 305 281 138 65 832 82 685 826 121 285 3 473 5 193 13 859 812 114 252 546 63 412 4 6 194 195 54 59 58 2"
	"250 388 288 82 549 387 174 182 368 321 179 320 389 295 60 351 283 377 1 376 0 395 160 113 166 495 610 103 526 150 155 390 61 296 181 84 18 394 392 157 393 379" -- "104 549 387 376 182 82 295 389 60 160 395 157 392 377 283 155 390 61 179 320 288 103 150 321 368 388 250 181 18 394 393 379"
	"446 97 124 546 533 434 83 321 274 65 272 428 15 164 216 592 498 429 139 45 489 301 160 269 273 38 461 447 933 140 46 13 166 448" -- "335 434 13 83 272 65 160 489 546 428 139 45 533 46 140 429 164 446 124 321 274 448 273 38 461 216 592 97 933 15 269 447"
	core -- "192 405 300 812 64 305 211 303 59 408 132 412 271 193 5 323 100 6 194 411 832 98 333 4 58 97 3 826 101 195 54 2"
	"397 128 388 387 121 231 312 232 537 546 122 182 321 368 394 52 381 103 150 380 283 377 17 393 64 61 296 390 395 160 491 53 6 60 295 389 82 458 179 320 181 379 376 157" -- "378 394 380 395 160 82 231 321 103 150 390 296 61 491 397 377 283 182 389 295 60 179 393 17 157 387 379 388 181 376 128"
	core -- "134 971 823 29 217 295 389 13 728 164 96 411 84 366 6 523 10 5 373 74 62 173 482 419 372 777 64 86 133 340 615"
	core -- "78 491 409 562 380 494 13 107 440 581 121 420 82 93 84 178 366 548 114 160 482 531 419 340 62 170 405 28 310 424 79 77"
	core -- "277 537 11 301 160 52 401 130 971 482 206 214 167 515 280 278 231 342 14 296 518 377 82 425 284 149 203 180 426 191 232"
	core -- "570 61 608 466 674 506 213 11 246 264 452 358 266 360 971 7 666 525 8 700 707 566 265 359 161 12 498 569 661 823 19"
	"708 121 638 139 45 290 424 173 564 64 158 304 101 242 209 211 2 96 132 931 434 481 5 107 62 86 3 97 125 114 208 323 420 185 82 98 936 748 100 353 63 124 371 404" -- "99 114 564 936 64 82 173 420 185 97 708 434 125 424 290 101 124 100 353 45 139 323 62 5 638 121 98 371 404 107"
	"335 434 13 83 272 65 160 489 546 428 139 45 533 46 140 429 164 446 124 321 274 448 273 38 461 216 592 97 933 15 269 447" -- "322 83 321 274 65 489 160 15 447 448 164 446 335 429 140 46 933 428 216 592 139 45 434 38 273 461 272 533 269 13"
	core -- "611 14 280 515 28 84 426 5 450 168 389 6 252 64 160 66 278 419 166 11 183 129 176 211 493 232 623 86 292 486 464"
	core -- "487 566 7 365 161 823 856 569 141 358 452 922 499 362 44 324 84 498 9 213 466 529 332 496 674 421 265 359 360 971"
	core -- "225 148 226 494 756 301 459 82 223 409 221 1 189 283 331 218 312 18 460 215 309 74 222 81 311 282 314 86 17"
	"981 172 448 38 165 437 96 6 5 205 64 89 40 411 485 424 48 423 47 245 171 547 922 76 444 114 443 455 361 113 442 976 318 464 417 263 333" -- "847 245 89 437 165 455 981 417 464 96 318 976 263 444 38 443 114 922 48 171 547 40 113 205 423 47 448 172 333"
	core -- "120 238 223 85 366 61 405 94 0 288 5 146 91 232 18 133 143 309 74 380 333 218 316 17 283 424 377 101 79"
	"32 443 615 282 115 86 39 336 337 93 409 38 367 473 31 370 417 34 13 169 28 35 361 338 37 533 251 113 654 372 24 165 27 590 26 261 30 151 339 40 29 116 438 23" -- "33 282 590 86 39 409 38 30 31 113 34 169 28 37 165 24 438 32 27 13 35 370 615 339 40 443 29 23"
	"55 138 281 131 86 5 193 252 166 4 412 271 63 533 411 552 160 208 13 107 194 6 211 305 3 520 285 685 638 59 738 2 950 57 809 126 58 481 949 56 665 54" -- "698 194 131 2 59 809 57 126 949 56 685 412 271 13 738 552 411 4 305 211 138 281 208 55 285 481 58 54"
	core -- "136 93 30 133 438 339 151 169 160 338 455 361 96 27 165 417 41 464 135 89 251 115 820 337 116 336 170 437"
	core -- "602 1 213 238 11 435 529 141 700 183 459 365 61 249 525 182 699 498 707 569 362 358 499 466 533 320 441 496"
	core -- "317 560 0 623 307 485 1 116 73 268 221 295 389 248 18 310 312 218 695 84 366 17 314 85 226 215 309 74 223"
	core -- "532 174 137 288 685 58 404 552 665 54 131 286 4 211 56 252 17 63 132 520 285 3 233 15 107 162 57 308"
	core -- "112 89 411 5 90 143 96 258 211 13 375 69 368 37 84 80 356 66 91 373 474 51 478 357 896 108 329 7"
	"287 812 246 85 685 243 83 229 214 166 546 601 185 615 86 509 68 162 21 533 42 418 82 301 160 20 314 549 473 896 106 551 81 299 137 513 184 92 69 259 494 409 80 189" -- "298 83 20 229 214 189 166 546 86 259 601 549 314 160 301 243 473 42 184 513 137 551 287 685 106 85 246 812 299"
	core -- "577 76 229 96 165 40 366 84 261 282 470 13 333 427 367 753 518 283 142 377 455 816 64 363 166 375 249 655 5"
	"241 409 615 13 58 810 11 57 235 160 301 931 64 158 440 252 84 460 930 243 498 592 499 237 233 210 422 234 242 420 373 232 303 209 424 236 159 238 211 963" -- "244 13 963 460 84 64 158 252 243 241 810 58 615 237 409 422 234 235 301 303 209 159 420 236 238 210 233"
	"918 822 124 278 592 87 292 232 196 128 95 377 14 166 395 207 167 820 199 51 200 197 205 64 41 922 593 94 201 494 776 917 204 206" -- "908 592 196 204 167 51 395 207 593 922 278 94 200 128 197 205 918 776 917 124 822 201 41 206 199 820 95"
	core -- "550 480 288 473 747 212 165 306 13 107 121 44 68 21 106 249 160 19 187 667 69 189 549 105 434 82 81 508"
	core -- "662 125 820 140 404 592 86 166 448 353 494 98 300 185 323 124 272 84 366 523 100 97 371 107 282 269 62"
	"25 255 183 437 93 462 133 442 301 160 370 28 35 409 37 339 10 654 361 533 27 24 588 494 165 590 26 438 87 40 29 30 473 459 36 13 38 34 23" -- "545 13 93 23 30 183 462 133 40 87 26 590 34 409 442 28 588 165 24 438 37 27 473 36 255 25 29"
	"322 83 321 274 65 489 160 15 447 448 164 446 335 429 140 46 933 428 216 592 139 45 434 38 273 461 272 533 269 13" -- "579 139 65 489 272 446 164 428 274 321 38 273 448 15 335 429 83 592 216 322 933 13 140 46 447 269"
	"570 61 608 466 674 506 213 11 246 264 452 358 266 360 971 7 666 525 8 700 707 566 265 359 161 12 498 569 661 823 19" -- "267 506 213 11 246 566 707 12 661 161 7 674 525 666 264 358 266 570 466 700 608 265 359 61 498 19"
	"403 199 51 457 93 543 419 440 256 275 84 413 183 172 971 377 537 14 813 450 168 544 526 291 473 426 425 166 401 493 221 458 129 53 133" -- "399 419 256 275 544 450 168 403 172 440 813 543 458 129 493 166 401 93 457 291 526 51 84 413 183 199 133"
	core -- "589 256 434 105 459 365 83 271 142 283 424 212 400 607 155 249 671 107 638 215 106 282 564 357 160"
	core -- "586 62 412 83 131 194 285 58 481 826 195 408 126 932 462 86 63 738 832 4 211 2 233 404 59 282"
	"860 36 105 470 411 223 74 280 73 113 232 900 336 337 338 375 464 135 123 170 14 531 437 64 816 455 753 28 169 116 438 251 165 339 115 248 483" -- "914 411 339 135 860 531 64 816 470 900 338 251 113 105 36 123 170 753 115 165 28 169 455 438 116"
	"502 466 176 699 62 324 569 566 213 498 249 61 9 141 11 160 301 661 332 525 8 374 264 452 499 358 265 406 359 504 232 44 529 506 266 971 407 430 7" -- "500 160 430 7 266 699 9 141 569 406 265 232 44 504 332 452 499 264 358 525 502 176 498 506 466 374"
	core -- "678 971 420 473 707 509 274 86 480 809 62 184 513 189 48 68 549 333 747 667 92 492 69 311 400"
	core -- "467 85 222 81 418 189 142 86 509 21 971 166 107 460 84 62 459 160 17 106 434 152 549 20 69"
	core -- "714 426 65 526 62 813 450 121 486 458 129 494 143 425 172 413 183 93 419 373 562 401 615 86"
	core -- "294 526 291 377 931 425 280 94 232 160 301 65 206 457 342 543 214 346 203 401 493 572 290 129"
	core -- "641 16 154 424 1 142 333 615 82 106 5 541 212 495 166 163 160 301 371 420 282 654 748 930"
	"49 233 186 107 372 180 86 932 212 494 288 121 393 17 209 162 404 963 269 217 433 19 84 153 87 62 297 163 612 48 431 290 83 152 50" -- "70 50 612 209 162 121 494 212 431 932 86 180 433 83 152 372 107 84 62 217 49 186 233 288 393"
	core -- "538 728 64 440 551 92 327 971 249 358 546 11 293 246 173 126 420 326 533 306 498 777 365 161"
	"378 394 380 395 160 82 231 321 103 150 390 296 61 491 397 377 283 182 389 295 60 179 393 17 157 387 379 388 181 376 128" -- "385 60 231 378 376 82 103 379 182 389 321 160 390 377 157 295 387 395 181 296 393 380 394"
	core -- "511 681 306 118 541 411 342 215 262 309 651 275 64 346 337 191 7 284 5 810 949 420 301"
	"88 455 333 438 5 123 13 845 160 612 142 271 419 137 211 533 63 121 54 0 149 810 58 238 285 233 57 809 115 209 303 96 89 183 64 252 699 210 304 129 411" -- "302 13 123 238 5 419 304 438 88 57 333 64 455 115 89 809 533 303 96 285 183 160 252"
	"192 405 300 812 64 305 211 303 59 408 132 412 271 193 5 323 100 6 194 411 832 98 333 4 58 97 3 826 101 195 54 2" -- "102 408 305 832 98 192 333 4 97 3 411 101 195 64 812 6 100 412 323 300 2 405 5"
	core -- "228 309 226 342 223 314 121 301 253 495 160 482 172 218 74 695 280 450 312 519 82 377 17"
	core -- "230 533 424 106 283 375 333 80 160 420 282 121 82 5 74 107 62 481 435 366 21 20"
	"325 74 336 297 311 89 20 728 93 326 420 478 5 508 259 306 400 509 64 87 340 409 248 13 82 331 143 96 549 173 971 92 327 69 65 21 950 10" -- "260 950 93 728 20 89 508 173 311 92 69 21 297 336 509 325 259 248 10 331 400 74"
	core -- "710 86 121 82 272 896 498 299 184 69 509 187 81 747 549 508 409 28 971 189 418 188"
	"347 176 177 200 148 380 381 52 178 460 58 105 278 231 181 160 377 612 352 258 681 61 179 307 166 156 215 262 349 149 122 191 157 180" -- "344 52 347 380 58 156 377 262 349 148 149 200 177 178 231 176 381 157 180 122 352 191"
	"134 971 823 29 217 295 389 13 728 164 96 411 84 366 6 523 10 5 373 74 62 173 482 419 372 777 64 86 133 340 615" -- "554 366 389 173 13 217 10 164 615 86 482 823 777 340 295 134 728 84 29 62 971 419"
	"828 438 290 44 173 314 128 114 226 367 124 423 491 896 5 121 356 419 64 87 340 434 405 546 375 234 46 28 169 353 16 142 612 106 107 615 145 371 233 45 160 300" -- "892 491 423 124 828 340 45 160 367 896 114 128 226 314 28 44 173 290 405 438 300"
	"754 86 492 8 525 504 358 499 264 498 409 82 12 494 823 506 459 856 950 430 7 674 161 466 9 84 971 266 360 19 569 293 11 232 44 608 211 441 661 265 359 324 141 62 720" -- "510 499 466 504 358 525 19 506 754 84 674 7 9 492 8 264 494 12 141 661 86"
	"241 409 615 13 58 810 11 57 235 160 301 931 64 158 440 252 84 460 930 243 498 592 499 237 233 210 422 234 242 420 373 232 303 209 424 236 159 238 211 963" -- "240 243 242 235 373 160 424 237 963 158 211 234 159 236 931 57 241 11 209 210 233"
	"350 128 207 160 42 183 129 214 971 232 851 107 342 13 278 231 936 157 204 345 533 320 352 681 822 178 94 572 820 593 351 191 377 180" -- "343 342 820 107 971 350 231 191 214 129 681 183 160 128 13 278 207 345 42 157 180"
	core -- "690 671 494 400 301 366 21 20 549 316 86 160 215 5 74 189 107 222 447 282 106"
	core -- "75 655 494 470 367 84 135 36 427 165 96 372 339 753 40 437 253 48 261 560 76"
	core -- "328 13 86 460 357 66 331 459 91 971 327 143 258 478 108 90 329 375 474 560 494"
	"803 408 211 305 281 138 65 832 82 685 826 121 285 3 473 5 193 13 859 812 114 252 546 63 412 4 6 194 195 54 59 58 2" -- "990 59 3 826 803 65 685 285 193 138 5 281 812 2 6 305 832 211 4 408 859 194"
	core -- "765 466 526 365 9 498 856 525 249 293 86 707 499 430 246 504 44 506 358 7 421 720"
	core -- "679 474 508 549 160 551 137 68 482 69 460 187 81 13 971 189 533 188 375 747 80"
	core -- "465 64 52 206 160 407 53 549 519 473 667 83 14 166 189 316 615 155 707 809 61"
	"487 566 7 365 161 823 856 569 141 358 452 922 499 362 44 324 84 498 9 213 466 529 332 496 674 421 265 359 360 971" -- "451 9 823 856 324 529 161 141 213 466 365 674 7 487 84 452 360 569 496 265 359 566"
	core -- "571 6 288 285 2 3 373 281 520 303 211 4 142 552 145 286 252 137 62 408 63"
	core -- "391 971 381 60 376 61 182 320 389 295 157 377 393 321 390 379 368 776 426 380"
	core -- "642 932 284 16 513 107 83 405 106 419 212 300 254 473 82 87 21 121 249 42"
	core -- "573 213 86 160 525 19 141 856 166 7 9 358 8 441 44 498 452 12 11 566"
	"579 139 65 489 272 446 164 428 274 321 38 273 448 15 335 429 83 592 216 322 933 13 140 46 447 269" -- "334 489 579 65 272 447 446 139 592 448 140 274 164 933 335 269 46 322 429 15"
	core -- "644 392 820 349 191 950 269 373 5 166 296 271 64 115 305 489 6 147 180 140"
	core -- "22 263 245 381 86 155 531 301 11 564 35 173 127 520 114 137 258 92 21 20"
	"484 464 523 6 272 84 486 65 363 58 549 160 706 292 936 168 13 83 255 373 232 86 493 822 515 82 129 572 290 14 425 143 166 401 448 93 610 494 64 87" -- "563 82 373 6 494 464 523 822 86 493 936 706 93 484 572 272 129 14 290"
	core -- "227 87 377 226 253 932 127 495 405 222 268 254 519 82 756 537 215 695 74"
	"613 118 189 86 121 223 62 66 160 252 460 56 491 303 96 435 59 106 5 166 206 170 546 316 57 89 747 748 100 288 409 127 243 163 211 537 756" -- "117 460 252 160 106 66 170 62 223 121 491 100 86 409 5 189 211 613 118"
	core -- "726 283 160 107 314 17 316 212 189 5 85 62 121 282 106 612 152 1 342"
	"679 474 508 549 160 551 137 68 482 69 460 187 81 13 971 189 533 188 375 747 80" -- "663 508 549 474 69 460 187 679 81 189 137 551 160 68 375 533 188 747 80"
	core -- "576 932 232 93 329 295 212 166 129 543 176 128 82 13 160 482 526 494 533 142"
	"568 167 543 275 549 278 231 560 301 342 295 107 562 284 425 130 121 168 450 544 81 457 291 526 377 1 256 183 129 82 458 420 426 357 493 401 180 133 290 329 65" -- "257 543 568 377 342 526 167 231 284 401 291 130 544 426 183 425 450 65 180 278"
	"78 491 409 562 380 494 13 107 440 581 121 420 82 93 84 178 366 548 114 160 482 531 419 340 62 170 405 28 310 424 79 77" -- "497 84 62 548 531 581 562 79 424 340 409 13 491 77 440 482 28 419 170 78"
	"577 76 229 96 165 40 366 84 261 282 470 13 333 427 367 753 518 283 142 377 455 816 64 363 166 375 249 655 5" -- "119 5 577 84 64 455 655 816 333 753 40 165 96 261 470 367 229 13 427 76"
	"754 86 492 8 525 504 358 499 264 498 409 82 12 494 823 506 459 856 950 430 7 674 161 466 9 84 971 266 360 19 569 293 11 232 44 608 211 441 661 265 359 324 141 62 720" -- "804 430 9 44 459 608 971 498 674 720 12 265 324 232 466 266 11 264 823 754"
	"484 464 523 6 272 84 486 65 363 58 549 160 706 292 936 168 13 83 255 373 232 86 493 822 515 82 129 572 290 14 425 143 166 401 448 93 610 494 64 87" -- "664 129 290 706 255 610 58 363 65 486 549 493 401 484 93 166 425 84 515"
	"112 89 411 5 90 143 96 258 211 13 375 69 368 37 84 80 356 66 91 373 474 51 478 357 896 108 329 7" -- "469 69 211 96 90 375 329 108 5 258 143 112 411 89 66 478 474 91"
	"847 245 89 437 165 455 981 417 464 96 318 976 263 444 38 443 114 922 48 171 547 40 113 205 423 47 448 172 333" -- "925 48 47 423 245 981 443 263 976 417 205 113 333 89 318 847 455 114"
	core -- "219 18 17 82 483 280 121 222 314 218 172 181 342 232 377 60 309 79 74"
	"880 5 92 208 412 930 138 160 520 285 3 305 845 281 308 812 859 63 157 174 80 57 2 64 252 137 424 949 56 4 286 166 685 58 408 194 6 282 59" -- "815 63 859 174 208 92 138 194 286 5 137 57 80 64 685 520 880 305"
	"445 232 83 917 5 256 820 133 86 201 13 128 129 82 79 518 424 366 77 205 64 581 310 395 160 254 301 531 51 419 139 45 340 62" -- "557 917 205 128 395 201 256 79 445 77 129 83 160 5 51 581 518 232 133"
	"317 560 0 623 307 485 1 116 73 268 221 295 389 248 18 310 312 218 695 84 366 17 314 85 226 215 309 74 223" -- "313 623 268 309 0 85 223 221 73 218 310 74 17 560 215 295 226 317"
	"399 419 256 275 544 450 168 403 172 440 813 543 458 129 493 166 401 93 457 291 526 51 84 413 183 199 133" -- "542 401 172 526 450 403 291 544 183 413 275 256 440 419 168 399 129 543 458"
	"981 172 448 38 165 437 96 6 5 205 64 89 40 411 485 424 48 423 47 245 171 547 922 76 444 114 443 455 361 113 442 976 318 464 417 263 333" -- "527 423 981 444 333 113 547 64 5 443 6 96 48 114 976 424 263 318"
	"277 537 11 301 160 52 401 130 971 482 206 214 167 515 280 278 231 342 14 296 518 377 82 425 284 149 203 180 426 191 232" -- "621 52 130 342 160 11 149 425 537 284 301 278 377 180 518 426 277 231 401"
	core -- "597 218 651 546 107 118 932 58 460 142 411 756 282 62 695 810 366 301"
	"662 125 820 140 404 592 86 166 448 353 494 98 300 185 323 124 272 84 366 523 100 97 371 107 282 269 62" -- "618 140 448 269 592 523 662 97 820 98 125 185 323 124 353 100 272 404"
	"502 466 176 699 62 324 569 566 213 498 249 61 9 141 11 160 301 661 332 525 8 374 264 452 499 358 265 406 359 504 232 44 529 506 266 971 407 430 7" -- "505 44 324 566 569 661 971 332 358 525 502 249 499 407 62 452 498 406 374"
	"99 114 564 936 64 82 173 420 185 97 708 434 125 424 290 101 124 100 353 45 139 323 62 5 638 121 98 371 404 107" -- "640 64 99 97 564 353 100 125 185 323 45 114 124 371 404 98 638"
	core -- "220 165 377 68 114 434 128 218 113 90 47 177 223 23 215 17 74"
	core -- "840 285 168 64 86 440 413 275 457 526 13 5 129 426 232 562 65"
	"267 506 213 11 246 566 707 12 661 161 7 674 525 666 264 358 266 570 466 700 608 265 359 61 498 19" -- "247 498 358 570 7 12 700 267 566 707 661 19 525 246 213 11 264 506"
	core -- "582 508 667 184 160 671 418 211 533 549 971 189 84 62 106 473 103"
	"397 128 388 387 121 231 312 232 537 546 122 182 321 368 394 52 381 103 150 380 283 377 17 393 64 61 296 390 395 160 491 53 6 60 295 389 82 458 179 320 181 379 376 157" -- "719 368 231 179 64 395 52 397 121 181 296 376 393 312 379 182 157"
	"453 810 434 615 421 473 607 316 282 106 221 610 420 105 170 255 546 654 86 377 1 83 671 283 189 142 62 256 491 212 115 160 254 107 301 284 166 355 167 74 121 82 87 84 295 42 333 932 459" -- "471 355 284 453 256 473 160 295 333 421 671 607 170 434 84 810 255 610"
	"706 448 83 389 486 292 936 160 464 813 425 363 58 494 6 588 65 166 13 401 172 272 84 450 544 168 295 93 610 64 549 232 523 255 14 290 143 822 493 332 133 280 86 124 373 82 458 129 87 572 515" -- "600 706 172 544 84 133 168 401 493 295 65 813 450 588 389 458 129"
	core -- "414 5 342 14 18 156 381 321 206 275 177 86 231 443 851 191 370"
	"70 50 612 209 162 121 494 212 431 932 86 180 433 83 152 372 107 84 62 217 49 186 233 288 393" -- "71 121 209 393 288 431 70 162 217 49 84 612 152 83 50 433"
	core -- "384 80 379 321 390 60 388 181 387 295 157 377 495 363 393 182 105"
	"754 86 492 8 525 504 358 499 264 498 409 82 12 494 823 506 459 856 950 430 7 674 161 466 9 84 971 266 360 19 569 293 11 232 44 608 211 441 661 265 359 324 141 62 720" -- "555 856 265 161 141 720 7 84 466 19 44 11 324 266 82 409 754"
	"538 728 64 440 551 92 327 971 249 358 546 11 293 246 173 126 420 326 533 306 498 777 365 161" -- "733 546 173 126 92 440 326 64 777 971 327 420 728 538 551 306"
	"860 36 105 470 411 223 74 280 73 113 232 900 336 337 338 375 464 135 123 170 14 531 437 64 816 455 753 28 169 116 438 251 165 339 115 248 483" -- "330 483 232 531 14 113 464 73 280 860 248 64 455 74 438 223"
	core -- "953 590 292 27 822 845 40 900 26 301 24 35 816 23 699 28"
	"913 933 11 426 362 19 569 9 360 265 359 498 707 699 509 141 12 529 506 213 183 700 560 666 525 504 44 499 922 358 950 856 430 7" -- "956 213 7 362 506 426 913 430 498 11 44 183 700 856 922 933"
	"678 971 420 473 707 509 274 86 480 809 62 184 513 189 48 68 549 333 747 667 92 492 69 311 400" -- "627 513 62 809 86 707 549 333 678 184 667 473 420 971 189"
	"99 114 564 936 64 82 173 420 185 97 708 434 125 424 290 101 124 100 353 45 139 323 62 5 638 121 98 371 404 107" -- "768 936 371 125 99 353 100 404 708 185 323 98 434 101 124 97"
	core -- "587 408 412 58 832 234 4 209 2 236 6 237 3 238 194"
	"611 14 280 515 28 84 426 5 450 168 389 6 252 64 160 66 278 419 166 11 183 129 176 211 493 232 623 86 292 486 464" -- "270 278 426 486 160 183 84 419 28 611 11 515 493 280 14 129"
	core -- "789 84 425 65 458 419 5 93 493 401 654 168 352 129 275 278"
	"913 933 11 426 362 19 569 9 360 265 359 498 707 699 509 141 12 529 506 213 183 700 560 666 525 504 44 499 922 358 950 856 430 7" -- "957 360 44 913 359 666 9 141 213 707 569 525 19 12 265 700"
	"241 409 615 13 58 810 11 57 235 160 301 931 64 158 440 252 84 460 930 243 498 592 499 237 233 210 422 234 242 420 373 232 303 209 424 236 159 238 211 963" -- "926 301 210 242 159 64 243 158 963 930 237 234 241 931"
	"468 218 62 5 460 258 211 17 64 122 13 342 107 256 162 82 223 180 495 221 560 231 419 309 121 74 316 365 172 301 160 167 148 1 377" -- "224 64 309 148 365 256 221 1 17 160 560 468 218 74"
	core -- "396 321 390 377 308 395 320 182 61 380 393 60 379 157 295"
	"120 238 223 85 366 61 405 94 0 288 5 146 91 232 18 133 143 309 74 380 333 218 316 17 283 424 377 101 79" -- "758 405 120 143 61 424 316 283 91 366 85 223 288 238"
	core -- "734 156 172 128 211 280 351 695 169 284 0 320 177 157 377"
	"406 441 856 44 141 529 543 324 5 569 566 166 504 407 213 533 301 160 9 498 249 61 62 332 720 430 7 266 971 359 265 466 365 506 452 264 499 358 661 176 232 608 8 525 699 293 11" -- "672 971 44 141 359 543 406 160 365 249 7 506 8 430"
	"708 121 638 139 45 290 424 173 564 64 158 304 101 242 209 211 2 96 132 931 434 481 5 107 62 86 3 97 125 114 208 323 420 185 82 98 936 748 100 353 63 124 371 404" -- "599 481 931 208 3 96 211 209 2 242 132 63 304 708 158"
	core -- "144 121 434 433 84 615 546 166 212 145 283 492 186 254"
	"500 160 430 7 266 699 9 141 569 406 265 232 44 504 332 452 499 264 358 525 502 176 498 506 466 374" -- "501 358 160 44 504 569 500 176 406 498 452 232 374 430 499"
	"298 83 20 229 214 189 166 546 86 259 601 549 314 160 301 243 473 42 184 513 137 551 287 685 106 85 246 812 299" -- "536 601 259 473 86 546 166 189 214 287 298 229 20 83 184"
	core -- "649 525 141 358 452 84 44 466 121 971 421 499 246 441"
	"554 366 389 173 13 217 10 164 615 86 482 823 777 340 295 134 728 84 29 62 971 419" -- "521 84 86 615 62 217 389 366 340 823 482 554 295 134"
	"334 489 579 65 272 447 446 139 592 448 140 274 164 933 335 269 46 322 429 15" -- "929 579 592 322 335 933 15 429 140 489 269 334 164"
	core -- "872 182 74 581 218 307 309 232 61 314 707 17 85 377"
	core -- "818 65 339 86 189 166 549 92 301 62 533 259 160 440"
	"468 218 62 5 460 258 211 17 64 122 13 342 107 256 162 82 223 180 495 221 560 231 419 309 121 74 316 365 172 301 160 167 148 1 377" -- "730 468 64 211 82 13 231 301 460 160 5 107 62"
	core -- "725 318 165 96 114 417 486 116 40 339 443 245 113 370"
	core -- "341 218 295 297 389 215 560 222 311 316 17 248 309 74"
	core -- "647 93 221 435 458 21 82 434 420 121 154 685 256"
	"49 233 186 107 372 180 86 932 212 494 288 121 393 17 209 162 404 963 269 217 433 19 84 153 87 62 297 163 612 48 431 290 83 152 50" -- "643 269 963 48 393 163 49 87 404 162 217 17 50 290"
	"505 44 324 566 569 661 971 332 358 525 502 249 499 407 62 452 498 406 374" -- "43 502 566 569 406 498 452 324 44 499 407 505 358"
	"733 546 173 126 92 440 326 64 777 971 327 420 728 538 551 306" -- "723 326 777 971 733 92 126 173 538 546 306 551"
	"102 408 305 832 98 192 333 4 97 3 411 101 195 64 812 6 100 412 323 300 2 405 5" -- "516 2 102 411 305 6 192 5 408 333 195"
	"516 2 102 411 305 6 192 5 408 333 195" -- "517 516 102 333 195 5 192 2 305 6 408 411"
	core -- "907 349 179 593 156 342 936 180 851 191 377 262"
	"502 466 176 699 62 324 569 566 213 498 249 61 9 141 11 160 301 661 332 525 8 374 264 452 499 358 265 406 359 504 232 44 529 506 266 971 407 430 7" -- "503 406 61 498 265 358 502 506 213 374 499 407 44"
	"847 245 89 437 165 455 981 417 464 96 318 976 263 444 38 443 114 922 48 171 547 40 113 205 423 47 448 172 333" -- "919 981 40 114 263 976 455 113 443 333 847 89"
	"469 69 211 96 90 375 329 108 5 258 143 112 411 89 66 478 474 91" -- "477 66 469 375 329 90 258 478 474 69 91 108"
	"914 411 339 135 860 531 64 816 470 900 338 251 113 105 36 123 170 753 115 165 28 169 455 438 116" -- "987 438 116 169 123 816 338 339 914 900 170 115 411"
	"926 301 210 242 159 64 243 158 963 930 237 234 241 931" -- "927 930 241 931 242 963 158 210 159 237 234 926"
	"600 706 172 544 84 133 168 401 493 295 65 813 450 588 389 458 129" -- "585 295 389 600 813 168 84 544 493 172 129 706"
	"804 430 9 44 459 608 971 498 674 720 12 265 324 232 466 266 11 264 823 754" -- "565 804 459 44 9 674 608 823 754 324 266 430 12"
	"451 9 823 856 324 529 161 141 213 466 365 674 7 487 84 452 360 569 496 265 359 566" -- "558 529 324 359 451 213 674 487 569 856 823 9 84"
	"710 86 121 82 272 896 498 299 184 69 509 187 81 747 549 508 409 28 971 189 418 188" -- "540 81 189 971 28 509 82 710 549 69 184 121 86"
	"487 566 7 365 161 823 856 569 141 358 452 922 499 362 44 324 84 498 9 213 466 529 332 496 674 421 265 359 360 971" -- "488 362 499 466 496 529 971 498 487 421 922 141"
	core -- "239 373 243 158 4 234 3 63 238 13 145 233"
	"328 13 86 460 357 66 331 459 91 971 327 143 258 478 108 90 329 375 474 560 494" -- "514 329 66 13 478 328 108 971 91 375 474"
	"880 5 92 208 412 930 138 160 520 285 3 305 845 281 308 812 859 63 157 174 80 57 2 64 252 137 424 949 56 4 286 166 685 58 408 194 6 282 59" -- "921 138 6 930 58 880 285 845 412 56 859 63"
	"490 329 62 286 420 258 932 186 473 460 80 149 295 107 377 518 249 128 81 212 165 356 121 486 63 170 405 546 256 491 209 160 254 87 513 607 419 106 82 129 183 42 371 434 459 365" -- "410 286 107 486 160 490 356 183 62 82 258 329"
	"88 455 333 438 5 123 13 845 160 612 142 271 419 137 211 533 63 121 54 0 149 810 58 238 285 233 57 809 115 209 303 96 89 183 64 252 699 210 304 129 411" -- "924 845 612 88 209 89 699 303 96 211 57 252"
	"119 5 577 84 64 455 655 816 333 753 40 165 96 261 470 367 229 13 427 76" -- "980 577 655 367 427 13 119 64 470 261 5"
	core -- "886 59 273 812 665 2 217 859 366 58 3 601"
	"32 443 615 282 115 86 39 336 337 93 409 38 367 473 31 370 417 34 13 169 28 35 361 338 37 533 251 113 654 372 24 165 27 590 26 261 30 151 339 40 29 116 438 23" -- "883 32 337 339 336 116 39 27 93 115 165"
	core -- "354 404 101 124 64 185 97 353 100 125 323"
	"532 174 137 288 685 58 404 552 665 54 131 286 4 211 56 252 17 63 132 520 285 3 233 15 107 162 57 308" -- "175 63 58 685 3 288 15 532 252 665 137 174"
	"344 52 347 380 58 156 377 262 349 148 149 200 177 178 231 176 381 157 180 122 352 191" -- "656 149 380 377 344 178 176 231 352 177 122 262"
	"235 499 592 498 409 615 58 810 11 57 931 301 160 13 107 5 360 971 440 64 158 252 460 84 930 243 211 963 209 303 422 610 234 237 96 238 242 159 232 373 420 424 236 210 233" -- "319 107 243 235 158 234 209 963 237 160 236"
	core -- "624 223 491 84 231 21 461 301 420 651 409 13"
	core -- "575 206 280 851 149 351 231 232 342 377 167 178"
	"644 392 820 349 191 950 269 373 5 166 296 271 64 115 305 489 6 147 180 140" -- "528 271 392 373 305 191 644 6 489 5 64"
	"453 810 434 615 421 473 607 316 282 106 221 610 420 105 170 255 546 654 86 377 1 83 671 283 189 142 62 256 491 212 115 160 254 107 301 284 166 355 167 74 121 82 87 84 295 42 333 932 459" -- "745 1 377 170 221 106 282 316 189 74 453"
	"641 16 154 424 1 142 333 615 82 106 5 541 212 495 166 163 160 301 371 420 282 654 748 930" -- "783 5 641 615 142 420 154 16 424 930 654 82"
	"414 5 342 14 18 156 381 321 206 275 177 86 231 443 851 191 370" -- "697 321 206 231 86 5 191 156 18 851 414"
	core -- "635 812 208 285 63 2 286 520 126 137 4"
	"957 360 44 913 359 666 9 141 213 707 569 525 19 12 265 700" -- "951 666 141 359 913 957 44 360 525 213"
	core -- "865 58 2 845 56 305 63 412 59 194"
	"465 64 52 206 160 407 53 549 519 473 667 83 14 166 189 316 615 155 707 809 61" -- "786 166 189 519 465 407 160 52 206 64"
	core -- "110 91 258 478 66 121 84 474 375 108"
	"568 167 543 275 549 278 231 560 301 342 295 107 562 284 425 130 121 168 450 544 81 457 291 526 377 1 256 183 129 82 458 420 426 357 493 401 180 133 290 329 65" -- "276 401 568 426 301 168 560 549 295 275"
	"22 263 245 381 86 155 531 301 11 564 35 173 127 520 114 137 258 92 21 20" -- "686 381 301 114 22 245 564 531 263 21 86"
	"990 59 3 826 803 65 685 285 193 138 5 281 812 2 6 305 832 211 4 408 859 194" -- "1001 990 803 832 194 3 4 2 826 193 6"
	"554 366 389 173 13 217 10 164 615 86 482 823 777 340 295 134 728 84 29 62 971 419" -- "535 777 482 164 340 10 728 13 134 554 173"
	"538 728 64 440 551 92 327 971 249 358 546 11 293 246 173 126 420 326 533 306 498 777 365 161" -- "530 533 358 11 246 92 538 365 293 249 161"
	core -- "559 160 142 107 283 518 166 258 62 282"
	"719 368 231 179 64 395 52 397 121 181 296 376 393 312 379 182 157" -- "841 179 182 312 719 397 231 376 181 368"
	core -- "799 20 160 69 971 166 21 549 189 84 447"
	core -- "717 295 459 160 215 106 271 411 131"
	core -- "947 377 295 394 393 321 60 181 320"
	core -- "454 160 82 357 258 189 107 84 106 62"
	core -- "905 222 177 309 316 74 297 215 311"
	core -- "402 377 262 349 211 420 148 258 133"
	core -- "877 155 549 28 160 184 812 81 137 533"
	core -- "279 333 160 82 5 106 62 118 107"
	"664 129 290 706 255 610 58 363 65 486 549 493 401 484 93 166 425 84 515" -- "694 484 255 706 493 664 290 610 129 549"
	core -- "764 541 211 314 30 74 331 168 377 483"
	core -- "364 211 433 169 351 21 152 212 165 363"
	core -- "696 218 307 222 74 17 248 226 18 297"
	core -- "683 411 305 57 211 281 131 285 412"
	core -- "591 142 419 145 83 160 62 107 96"
	core -- "67 533 160 549 86 108 74 189 146 66"
	"330 483 232 531 14 113 464 73 280 860 248 64 455 74 438 223" -- "556 280 113 14 531 464 330 483 232"
	"521 84 86 615 62 217 389 366 340 823 482 554 295 134" -- "553 84 86 482 554 521 340 134"
	core -- "955 936 820 94 205 128 197 593"
	"112 89 411 5 90 143 96 258 211 13 375 69 368 37 84 80 356 66 91 373 474 51 478 357 896 108 329 7" -- "476 108 329 258 478 13 112 474 375"
	"640 64 99 97 564 353 100 125 185 323 45 114 124 371 404 98 638" -- "937 64 640 99 404 353 100 125"
	core -- "909 87 280 209 129 493 303 546 183"
	"110 91 258 478 66 121 84 474 375 108" -- "111 258 478 84 375 474 66 110 108"
	core -- "833 856 62 249 7 365 5 44"
	"497 84 62 548 531 581 562 79 424 340 409 13 491 77 440 482 28 419 170 78" -- "811 28 62 84 497 79 531 340 77"
	core -- "386 560 17 379 181 157 377 393 295"
	core -- "771 518 64 106 145 13 16 489 105"
	core -- "705 211 401 256 232 183 425 450"
	"649 525 141 358 452 84 44 466 121 971 421 499 246 441" -- "729 971 84 441 358 141 649 44 525"
	"277 537 11 301 160 52 401 130 971 482 206 214 167 515 280 278 231 342 14 296 518 377 82 425 284 149 203 180 426 191 232" -- "289 482 425 231 277 14 180 401 280"
	"613 118 189 86 121 223 62 66 160 252 460 56 491 303 96 435 59 106 5 166 206 170 546 316 57 89 747 748 100 288 409 127 243 163 211 537 756" -- "619 5 59 57 96 613 303 89 56"
	core -- "604 131 546 458 96 305 211 57 411"
	"553 84 86 482 554 521 340 134" -- "598 84 86 482 553 521 340 134"
	"78 491 409 562 380 494 13 107 440 581 121 420 82 93 84 178 366 548 114 160 482 531 419 340 62 170 405 28 310 424 79 77" -- "539 531 494 178 79 77 160 380 78"
	core -- "315 495 253 537 218 222 519 695 17"
	"88 455 333 438 5 123 13 845 160 612 142 271 419 137 211 533 63 121 54 0 149 810 58 238 285 233 57 809 115 209 303 96 89 183 64 252 699 210 304 129 411" -- "369 304 88 89 96 160 303 252"
	core -- "72 92 311 163 20 106 259 21"
	"918 822 124 278 592 87 292 232 196 128 95 377 14 166 395 207 167 820 199 51 200 197 205 64 41 922 593 94 201 494 776 917 204 206" -- "974 917 820 94 593 87 128 918"
	"471 355 284 453 256 473 160 295 333 421 671 607 170 434 84 810 255 610" -- "472 255 453 284 471 295 355 610"
	core -- "954 154 107 87 615 518 546 249"
	"540 81 189 971 28 509 82 710 549 69 184 121 86" -- "952 81 28 710 540 509 69"
	"71 121 209 393 288 431 70 162 217 49 84 612 152 83 50 433" -- "432 121 84 288 433 162 217 71"
	core -- "854 82 63 183 174 252 285 420"
	core -- "849 252 57 387 859 155 63"
	"789 84 425 65 458 419 5 93 493 401 654 168 352 129 275 278" -- "835 65 401 425 84 789 275 493"
	"198 562 168 207 95 329 94 64 205 204 485 203 593 543 167 623 200 290 196 197 128 201 387 434 199 820 776 165 51 419 5 258 31 206 183 41 229 129" -- "202 198 201 562 623 820 206 41"
	core -- "751 167 6 820 51 128 206 41"
	"322 83 321 274 65 489 160 15 447 448 164 446 335 429 140 46 933 428 216 592 139 45 434 38 273 461 272 533 269 13" -- "735 269 461 164 140 448 592 322"
	core -- "687 86 185 100 353 282 404 107"
	"783 5 641 615 142 420 154 16 424 930 654 82" -- "669 930 641 420 783 615 5"
	core -- "652 513 333 478 163 108 329 419"
	core -- "628 389 379 181 320 295 394"
	"414 5 342 14 18 156 381 321 206 275 177 86 231 443 851 191 370" -- "797 851 14 231 342 414 18"
	"697 321 206 231 86 5 191 156 18 851 414" -- "852 86 414 18 206 697 851"
	"745 1 377 170 221 106 282 316 189 74 453" -- "979 170 745 316 106 1"
	core -- "970 440 546 51 128 917 820"
	"841 179 182 312 719 397 231 376 181 368" -- "869 182 397 179 376 841 181"
	core -- "383 181 379 157 377 295"
	core -- "817 544 493 515 813 543"
	"192 405 300 812 64 305 211 303 59 408 132 412 271 193 5 323 100 6 194 411 832 98 333 4 58 97 3 826 101 195 54 2" -- "807 54 303 211 132 192 5"
	"88 455 333 438 5 123 13 845 160 612 142 271 419 137 211 533 63 121 54 0 149 810 58 238 285 233 57 809 115 209 303 96 89 183 64 252 699 210 304 129 411" -- "806 809 285 88 304 89"
	core -- "802 258 365 129 256 172"
	"287 812 246 85 685 243 83 229 214 166 546 601 185 615 86 509 68 162 21 533 42 418 82 301 160 20 314 549 473 896 106 551 81 299 137 513 184 92 69 259 494 409 80 189" -- "800 533 409 615 549 185 287"
	core -- "791 65 623 425 612 401 493"
	"803 408 211 305 281 138 65 832 82 685 826 121 285 3 473 5 193 13 859 812 114 252 546 63 412 4 6 194 195 54 59 58 2" -- "767 13 473 803 121 114 82"
	"298 83 20 229 214 189 166 546 86 259 601 549 314 160 301 243 473 42 184 513 137 551 287 685 106 85 246 812 299" -- "507 314 85 243 298 513"
	"250 388 288 82 549 387 174 182 368 321 179 320 389 295 60 351 283 377 1 376 0 395 160 113 166 495 610 103 526 150 155 390 61 296 181 84 18 394 392 157 393 379" -- "741 150 250 103 377 179"
	core -- "739 495 12 155 300 569 82"
	core -- "736 333 107 62 160 86"
	core -- "721 30 28 229 37 27"
	"55 138 281 131 86 5 193 252 166 4 412 271 63 533 411 552 160 208 13 107 194 6 211 305 3 520 285 685 638 59 738 2 950 57 809 126 58 481 949 56 665 54" -- "718 281 56 5 63 305 55"
	"918 822 124 278 592 87 292 232 196 128 95 377 14 166 395 207 167 820 199 51 200 197 205 64 41 922 593 94 201 494 776 917 204 206" -- "1000 206 14 232 166 918 292"
	core -- "639 65 638 209 234 158"
	"697 321 206 231 86 5 191 156 18 851 414" -- "645 414 191 697 156 231"
	core -- "625 408 4 285 252 412 63"
	"602 1 213 238 11 435 529 141 700 183 459 365 61 249 525 182 699 498 707 569 362 358 499 466 533 320 441 496" -- "616 602 459 533 435 1 320"
	"618 140 448 269 592 523 662 97 820 98 125 185 323 124 353 100 272 404" -- "617 269 272 448 140 592 618"
	"597 218 651 546 107 118 932 58 460 142 411 756 282 62 695 810 366 301" -- "596 218 301 282 366 597"
	core -- "594 82 121 84 83 283 372"
	"613 118 189 86 121 223 62 66 160 252 460 56 491 303 96 435 59 106 5 166 206 170 546 316 57 89 747 748 100 288 409 127 243 163 211 537 756" -- "614 166 613 756 546 106"
	"860 36 105 470 411 223 74 280 73 113 232 900 336 337 338 375 464 135 123 170 14 531 437 64 816 455 753 28 169 116 438 251 165 339 115 248 483" -- "978 753 165 900 860 115"
	"913 933 11 426 362 19 569 9 360 265 359 498 707 699 509 141 12 529 506 213 183 700 560 666 525 504 44 499 922 358 950 856 430 7" -- "967 498 913 525 504 44"
	core -- "964 40 24 29 373 23"
	"414 5 342 14 18 156 381 321 206 275 177 86 231 443 851 191 370" -- "479 177 275 414 381"
	"768 936 371 125 99 353 100 404 708 185 323 98 434 101 124 97" -- "935 936 100 125 353 768"
	"765 466 526 365 9 498 856 525 249 293 86 707 499 430 246 504 44 506 358 7 421 720" -- "912 765 499 504 526 466"
	core -- "906 160 513 533 156 546"
	core -- "855 86 473 155 549 299"
	"706 448 83 389 486 292 936 160 464 813 425 363 58 494 6 588 65 166 13 401 172 272 84 450 544 168 295 93 610 64 549 232 523 255 14 290 143 822 493 332 133 280 86 124 373 82 458 129 87 572 515" -- "836 332 706 813 523"
	core -- "819 422 139 273 140 461"
	"344 52 347 380 58 156 377 262 349 148 149 200 177 178 231 176 381 157 180 122 352 191" -- "814 58 344 262 347 52"
	"613 118 189 86 121 223 62 66 160 252 460 56 491 303 96 435 59 106 5 166 206 170 546 316 57 89 747 748 100 288 409 127 243 163 211 537 756" -- "793 435 613 748 316 206"
	core -- "778 971 549 569 160 85"
	core -- "752 82 121 84 65 283"
	core -- "749 820 776 62 167 284"
	"799 20 160 69 971 166 21 549 189 84 447" -- "715 20 21 69 799 84"
	core -- "693 82 366 121 283 83"
	core -- "382 379 393 157 377 295"
	core -- "609 333 114 24 30"
	core -- "534 813 450 440 544 256"
	core -- "885 92 106 20 21 728"
	"723 326 777 971 733 92 126 173 538 546 306 551" -- "923 306 326 733 723"
	core -- "109 424 366 51 62 108"
	core -- "512 366 162 160 155"
	core -- "567 82 425 290"
	"325 74 336 297 311 89 20 728 93 326 420 478 5 508 259 306 400 509 64 87 340 409 248 13 82 331 143 96 549 173 971 92 327 69 65 21 950 10" -- "945 325 409 327"
	core -- "934 268 163 340 549"
	"828 438 290 44 173 314 128 114 226 367 124 423 491 896 5 121 356 419 64 87 340 434 405 546 375 234 46 28 169 353 16 142 612 106 107 615 145 371 233 45 160 300" -- "889 375 300 405 828"
	"885 92 106 20 21 728" -- "887 92 885 20"
	"852 86 414 18 206 697 851" -- "415 86 852 697 414"
	"33 282 590 86 39 409 38 30 31 113 34 169 28 37 165 24 438 32 27 13 35 370 615 339 40 443 29 23" -- "878 35 23 33 27"
	"134 971 823 29 217 295 389 13 728 164 96 411 84 366 6 523 10 5 373 74 62 173 482 419 372 777 64 86 133 340 615" -- "867 340 134 411 96"
	core -- "398 379 157 377 295"
	core -- "857 160 166 191 301"
	core -- "348 342 349 180 191"
	core -- "829 290 168 523 203"
	"923 306 326 733 723" -- "825 733 723 923 306"
	"487 566 7 365 161 823 856 569 141 358 452 922 499 362 44 324 84 498 9 213 466 529 332 496 674 421 265 359 360 971" -- "805 971 487 358 44"
	"828 438 290 44 173 314 128 114 226 367 124 423 491 896 5 121 356 419 64 87 340 434 405 546 375 234 46 28 169 353 16 142 612 106 107 615 145 371 233 45 160 300" -- "796 353 828 121 405"
	"545 13 93 23 30 183 462 133 40 87 26 590 34 409 442 28 588 165 24 438 37 27 473 36 255 25 29" -- "785 409 545 13 23"
	core -- "991 859 520 812 412"
	"521 84 86 615 62 217 389 366 340 823 482 554 295 134" -- "766 134 521 340"
	"335 434 13 83 272 65 160 489 546 428 139 45 533 46 140 429 164 446 124 321 274 448 273 38 461 216 592 97 933 15 269 447" -- "760 546 15 335 592"
	"980 577 655 367 427 13 119 64 470 261 5" -- "757 980 577 367"
	"517 516 102 333 195 5 192 2 305 6 408 411" -- "743 102 517 516"
	core -- "740 971 51 252 82"
	"614 166 613 756 546 106" -- "742 614 546 166"
	core -- "727 83 483 84 464"
	core -- "722 278 28 38 27"
	"322 83 321 274 65 489 160 15 447 448 164 446 335 429 140 46 933 428 216 592 139 45 434 38 273 461 272 533 269 13" -- "676 160 322 447 428"
	core -- "646 131 411 211"
	core -- "637 209 234 233"
	"719 368 231 179 64 395 52 397 121 181 296 376 393 312 379 182 157" -- "632 376 719 397"
	core -- "629 177 440 178 316"
	"563 82 373 6 494 464 523 822 86 493 936 706 93 484 572 272 129 14 290" -- "584 563 86 290 272"
	core -- "574 401 65 425 280"
	"797 851 14 231 342 414 18" -- "605 851 797 414"
	core -- "712 4 401 255"
	core -- "968 299 184"
	core -- "416 971 173 327"
	core -- "439 96 338 115"
	"563 82 373 6 494 464 523 822 86 493 936 706 93 484 572 272 129 14 290" -- "522 493 563 523"
	core -- "986 470 261 411"
	"369 304 88 89 96 160 303 252" -- "630 369 303"
	core -- "456 64 405"
	core -- "436 438 437 115"
	"350 128 207 160 42 183 129 214 971 232 851 107 342 13 278 231 936 157 204 345 533 320 352 681 822 178 94 572 820 593 351 191 377 180" -- "939 350 572 232"
	core -- "911 222 189 81"
	"907 349 179 593 156 342 936 180 851 191 377 262" -- "903 262 907 191"
	"230 533 424 106 283 375 333 80 160 420 282 121 82 5 74 107 62 481 435 366 21 20" -- "898 481 230"
	core -- "895 114 333 417"
	core -- "977 242 209"
	core -- "874 401 65 425"
	core -- "870 65 425 401"
	core -- "866 80 411 96"
	"445 232 83 917 5 256 820 133 86 201 13 128 129 82 79 518 424 366 77 205 64 581 310 395 160 254 301 531 51 419 139 45 340 62" -- "848 419 445 340"
	core -- "844 165 971 133"
	"325 74 336 297 311 89 20 728 93 326 420 478 5 508 259 306 400 509 64 87 340 409 248 13 82 331 143 96 549 173 971 92 327 69 65 21 950 10" -- "958 325 509 69"
	core -- "989 91 329"
	core -- "782 82 377 526"
	"621 52 130 342 160 11 149 425 537 284 301 278 377 180 518 426 277 231 401" -- "781 621 52 537"
	core -- "779 820 549 146"
	"559 160 142 107 283 518 166 258 62 282" -- "769 559 107 62"
	"953 590 292 27 822 845 40 900 26 301 24 35 816 23 699 28" -- "997 953 27 24"
	core -- "983 114 333 113"
	core -- "709 185 353 404"
	core -- "713 81 509 69"
	"198 562 168 207 95 329 94 64 205 204 485 203 593 543 167 623 200 290 196 197 128 201 387 434 199 820 776 165 51 419 5 258 31 206 183 41 229 129" -- "689 198 543"
	core -- "984 66 333 153"
	"511 681 306 118 541 411 342 215 262 309 651 275 64 346 337 191 7 284 5 810 949 420 301" -- "682 511 191 681"
	core -- "631 209 159"
	core -- "620 86 290"
	"717 295 459 160 215 106 271 411 131" -- "788 717"
	core -- "850 546 199"
	core -- "801 820 41"
	core -- "839 377 191"
	core -- "873 401 425"
	core -- "992 129"
	core -- "636 211"
	"913 933 11 426 362 19 569 9 360 265 359 498 707 699 509 141 12 529 506 213 183 700 560 666 525 504 44 499 922 358 950 856 430 7" -- "972 913 509"
	core -- "966 189 21"
	core -- "969 509 184"
	core -- "692 130 231"
	core -- "716 5"
	core -- "759 121 459"
	core -- "988 24 411"
	core -- "942 435 95"
	core -- "940 93 128"
	"230 533 424 106 283 375 333 80 160 420 282 121 82 5 74 107 62 481 435 366 21 20" -- "920 435 230"
	"892 491 423 124 828 340 45 160 367 896 114 128 226 314 28 44 173 290 405 438 300" -- "891 892 405"
	core -- "893 971 466"
	core -- "890 121"
	core -- "884 412"
	core -- "882 160 166"
	core -- "868 5 320"
	core -- "463 462"
	"605 851 797 414" -- "846 605"
	"567 82 425 290" -- "843 567 290"
	core -- "842 96 211"
	core -- "838 124 45"
	core -- "837 107"
	core -- "475 300 375"
	core -- "821 160 163"
	"322 83 321 274 65 489 160 15 447 448 164 446 335 429 140 46 933 428 216 592 139 45 434 38 273 461 272 533 269 13" -- "794 322 335"
	core -- "784 411"
	core -- "773 405"
	"958 325 509 69" -- "962 325 958"
	core -- "763 5"
	core -- "737 271"
	core -- "724 160 338"
	core -- "704 107"
	core -- "702 932 107"
	core -- "673 495"
	core -- "677 434 199"
	core -- "659 377"
	"635 812 208 285 63 2 286 520 126 137 4" -- "634 635"
	core -- "999 145"
	core -- "994 6"
	core -- "993 408"
	core -- "897 263"
	core -- "770 353"
	"521 84 86 615 62 217 389 366 340 823 482 554 295 134" -- "583 521"
	"712 4 401 255" -- "995 712"
	core -- "650 215"
	core -- "657 269"
	core -- 660
	core -- "680 380"
	core -- "688 543"
	core -- "701 462"
	core -- 711
	core -- 732
	core -- "985 376"
	core -- "975 971"
	core -- "960 377"
	core -- "982 137"
	core -- "774 285"
	core -- "973 971"
	core -- "965 936"
	core -- "961 377"
	core -- "780 84"
	core -- "902 5"
	core -- "948 381"
	"641 16 154 424 1 142 333 615 82 106 5 541 212 495 166 163 160 301 371 420 282 654 748 930" -- "946 641"
	core -- "944 748"
	core -- "943 295"
	core -- "941 189"
	"611 14 280 515 28 84 426 5 450 168 389 6 252 64 160 66 278 419 166 11 183 129 176 211 493 232 623 86 292 486 464" -- "938 611"
	core -- "928 211"
	"414 5 342 14 18 156 381 321 206 275 177 86 231 443 851 191 370" -- "916 414"
	core -- "915 38"
	core -- "910 65"
	core -- "904 321"
	core -- "901 137"
	core -- "899 2"
	core -- 808
	core -- "894 327"
	core -- "888 412"
	core -- "881 96"
	core -- "879 242"
	core -- "876 564"
	core -- "875 170"
	core -- "871 231"
	core -- "864 411"
	core -- "863 57"
	core -- "862 777"
	"350 128 207 160 42 183 129 214 971 232 851 107 342 13 278 231 936 157 204 345 533 320 352 681 822 178 94 572 820 593 351 191 377 180" -- "861 350"
	core -- "858 306"
	core -- "853 82"
	core -- "834 107"
	core -- "831 258"
	core -- "830 452"
	core -- "827 506"
	core -- "824 191"
	core -- "1002 560"
	core -- 798
	core -- "795 417"
	core -- "792 121"
	core -- "790 544"
	core -- "787 21"
	core -- "775 560"
	core -- 772
	core -- 746
	"516 2 102 411 305 6 192 5 408 333 195" -- "762 516"
	core -- "761 393"
	core -- "755 211"
	"55 138 281 131 86 5 193 252 166 4 412 271 63 533 411 552 160 208 13 107 194 6 211 305 3 520 285 685 638 59 738 2 950 57 809 126 58 481 949 56 665 54" -- "1004 55"
	"88 455 333 438 5 123 13 845 160 612 142 271 419 137 211 533 63 121 54 0 149 810 58 238 285 233 57 809 115 209 303 96 89 183 64 252 699 210 304 129 411" -- "750 88"
	core -- 744
	core -- 731
	core -- 703
	core -- "996 12"
	core -- "998 65"
	core -- "959 377"
	core -- 691
	core -- 684
	core -- 675
	core -- 670
	core -- "668 157"
	core -- "1003 258"
	core -- 658
	core -- 653
	core -- 648
	core -- 633
	core -- "626 87"
	core -- "622 238"
	core -- "606 495"
	"414 5 342 14 18 156 381 321 206 275 177 86 231 443 851 191 370" -- "603 414"
	core -- "595 52"
	core -- 580
	"577 76 229 96 165 40 366 84 261 282 470 13 333 427 367 753 518 283 142 377 455 816 64 363 166 375 249 655 5" -- "578 577"
	core -- "561 462"
	"72 92 311 163 20 106 259 21" -- "524 72"
	"414 5 342 14 18 156 381 321 206 275 177 86 231 443 851 191 370" -- "449 414"
}
