graph {
	node [shape=box]
	105 -- "17 105"
	"17 105" -- "95 105 17"
	"95 105 17" -- "48 95 105 17"
	"48 95 105 17" -- "74 17 105 95 48"
	"74 17 105 95 48" -- "91 74 17 95 48 105"
	"91 74 17 95 48 105" -- "124 91 105 74 48 95 17"
	"124 91 105 74 48 95 17" -- "72 74 124 17 105 91 95 48"
	"72 74 124 17 105 91 95 48" -- "32 48 95 105 72 91 74 17 124"
	"32 48 95 105 72 91 74 17 124" -- "50 74 32 105 48 95 72 91 17 124"
	"50 74 32 105 48 95 72 91 17 124" -- "47 91 50 74 95 48 17 124 105 32 72"
	"47 91 50 74 95 48 17 124 105 32 72" -- "118 74 32 72 47 17 124 48 95 91 50 105"
	"118 74 32 72 47 17 124 48 95 91 50 105" -- "75 50 91 118 72 74 17 47 105 48 95 124 32"
	"75 50 91 118 72 74 17 47 105 48 95 124 32" -- "65 75 74 32 47 72 95 48 91 105 50 118 124 17"
	"65 75 74 32 47 72 95 48 91 105 50 118 124 17" -- "53 65 47 91 32 72 75 124 74 48 95 50 17 118 105"
	"53 65 47 91 32 72 75 124 74 48 95 50 17 118 105" -- "122 65 47 50 118 32 72 53 74 75 124 48 95 105 91 17"
	"122 65 47 50 118 32 72 53 74 75 124 48 95 105 91 17" -- "22 122 75 74 53 47 17 124 32 65 91 105 118 48 95 72 50"
	"22 122 75 74 53 47 17 124 32 65 91 105 118 48 95 72 50" -- "37 50 91 22 118 65 47 48 95 17 53 75 122 105 74 124 32 72"
	"37 50 91 22 118 65 47 48 95 17 53 75 122 105 74 124 32 72" -- "64 17 37 32 72 124 47 65 74 48 95 50 75 122 53 91 22 118 105"
	"64 17 37 32 72 124 47 65 74 48 95 50 75 122 53 91 22 118 105" -- "123 122 75 37 74 32 47 72 48 95 17 64 124 50 65 105 22 91 118 53"
	"123 122 75 37 74 32 47 72 48 95 17 64 124 50 65 105 22 91 118 53" -- "77 72 37 32 74 50 95 48 118 65 22 91 105 123 53 47 75 122 64 17 124"
	"77 72 37 32 74 50 95 48 118 65 22 91 105 123 53 47 75 122 64 17 124" -- "51 118 65 50 123 37 17 64 105 53 22 91 74 47 72 48 95 122 75 77 124 32"
	"51 118 65 50 123 37 17 64 105 53 22 91 74 47 72 48 95 122 75 77 124 32" -- "26 77 124 53 118 37 75 122 50 123 65 32 48 95 72 51 74 17 64 47 22 91 105"
	"26 77 124 53 118 37 75 122 50 123 65 32 48 95 72 51 74 17 64 47 22 91 105" -- "35 26 65 47 51 22 72 95 48 32 105 37 91 118 74 64 17 53 124 77 123 75 122 50"
	"35 26 65 47 51 22 72 95 48 32 105 37 91 118 74 64 17 53 124 77 123 75 122 50" -- "137 50 91 22 118 65 123 72 35 53 105 48 95 26 17 64 75 122 47 74 51 37 77 124 32"
	"137 50 91 22 118 65 123 72 35 53 105 48 95 26 17 64 75 122 47 74 51 37 77 124 32" -- "16 77 124 37 74 48 95 137 32 51 91 35 22 65 123 53 75 122 50 17 64 105 47 118 72 26"
	"16 77 124 37 74 48 95 137 32 51 91 35 22 65 123 53 75 122 50 17 64 105 47 118 72 26" -- "115 50 47 26 51 16 72 32 74 65 122 75 118 48 95 77 124 137 22 91 37 123 53 105 35 64 17"
	"115 50 47 26 51 16 72 32 74 65 122 75 118 48 95 77 124 137 22 91 37 123 53 105 35 64 17" -- "143 37 115 74 47 32 51 137 35 105 75 122 53 16 65 64 17 50 26 48 95 118 72 124 77 123 22 91"
	"143 37 115 74 47 32 51 137 35 105 75 122 53 16 65 64 17 50 26 48 95 118 72 124 77 123 22 91" -- "90 22 65 123 91 143 50 35 115 118 32 51 137 17 64 16 26 72 37 124 77 105 74 53 75 122 47 95 48"
	"90 22 65 123 91 143 50 35 115 118 32 51 137 17 64 16 26 72 37 124 77 105 74 53 75 122 47 95 48" -- "121 91 143 50 35 118 37 72 115 122 75 53 48 95 105 32 77 124 137 90 51 74 64 17"
	"121 91 143 50 35 118 37 72 115 122 75 53 48 95 105 32 77 124 137 90 51 74 64 17" -- "100 91 143 50 72 118 95 48 75 122 53 74 121 105 35 51 137 90 32 77 124 115 64 17 37"
	"100 91 143 50 72 118 95 48 75 122 53 74 121 105 35 51 137 90 32 77 124 115 64 17 37" -- "102 91 143 50 35 115 90 137 95 48 105 37 64 17 32 124 77 53 100 51 121 74 122 75 118 72"
	"102 91 143 50 35 115 90 137 95 48 105 37 64 17 32 124 77 53 100 51 121 74 122 75 118 72" -- "104 91 143 50 35 118 121 74 102 72 90 137 95 48 124 77 115 100 53 122 75 37 105 64 17 32"
	"90 22 65 123 91 143 50 35 115 118 32 51 137 17 64 16 26 72 37 124 77 105 74 53 75 122 47 95 48" -- "9 37 75 122 124 77 123 115 65 17 64 16 51 74 32 118 95 26 90 137 22 91 47 105"
	"104 91 143 50 35 118 121 74 102 72 90 137 95 48 124 77 115 100 53 122 75 37 105 64 17 32" -- "43 50 17 64 102 143 74 121 95 48 105 118 91 122 53 100 124 77 90 104 35 32"
	"143 37 115 74 47 32 51 137 35 105 75 122 53 16 65 64 17 50 26 48 95 118 72 124 77 123 22 91" -- "132 105 35 53 91 32 118 47 26 22 16 143 74 51 123 65 72 50 48 17 64"
	"132 105 35 53 91 32 118 47 26 22 16 143 74 51 123 65 72 50 48 17 64" -- "68 48 47 16 64 65 35 53 132 17 32 123 105 26 118 72 50 91 22 51 143"
	"68 48 47 16 64 65 35 53 132 17 32 123 105 26 118 72 50 91 22 51 143" -- "125 32 48 47 50 64 16 17 132 51 143 72 26 118 105 123 35 91 22 68 53 65"
	"125 32 48 47 50 64 16 17 132 51 143 72 26 118 105 123 35 91 22 68 53 65" -- "20 22 51 17 32 47 72 16 91 68 53 35 105 125 143 132 65 123 50 118 48"
	"104 91 143 50 35 118 121 74 102 72 90 137 95 48 124 77 115 100 53 122 75 37 105 64 17 32" -- "39 102 90 72 74 137 53 122 121 75 115 100 124 32 37 48 104 35 105 17"
	"39 102 90 72 74 137 53 122 121 75 115 100 124 32 37 48 104 35 105 17" -- "58 102 90 72 53 122 32 124 121 75 74 137 100 115 35 104 37 48 105 17 39"
	"58 102 90 72 53 122 32 124 121 75 74 137 100 115 35 104 37 48 105 17 39" -- "60 74 137 122 100 37 75 121 115 35 58 104 32 124 48 17 105 39"
	"43 50 17 64 102 143 74 121 95 48 105 118 91 122 53 100 124 77 90 104 35 32" -- "101 102 74 104 121 124 32 118 95 90 105 17 48 43 53 122 100 77"
	"20 22 51 17 32 47 72 16 91 68 53 35 105 125 143 132 65 123 50 118 48" -- "31 47 125 123 32 17 132 50 51 68 91 22 20 65 48 118 72"
	"101 102 74 104 121 124 32 118 95 90 105 17 48 43 53 122 100 77" -- "109 102 105 121 74 104 32 101 124 53 122 77 100 48 95 90 43"
	"9 37 75 122 124 77 123 115 65 17 64 16 51 74 32 118 95 26 90 137 22 91 47 105" -- "56 16 64 137 122 26 95 51 74 47 37 9 32 90 105 75"
	"58 102 90 72 53 122 32 124 121 75 74 137 100 115 35 104 37 48 105 17 39" -- "70 72 37 105 53 122 58 104 121 90 102 124 17 39"
	"56 16 64 137 122 26 95 51 74 47 37 9 32 90 105 75" -- "66 64 16 137 56 47 26 95 51 9 32 105 75"
	"31 47 125 123 32 17 132 50 51 68 91 22 20 65 48 118 72" -- "67 132 125 65 123 31 20 47 72 118 48"
	"67 132 125 65 123 31 20 47 72 118 48" -- "136 132 67 123 31 20 65 48 72"
	"136 132 67 123 31 20 65 48 72" -- "69 132 136 67 123 31 20 65 48 72"
	"69 132 136 67 123 31 20 65 48 72" -- "19 65 132 69 136 67 123 31 20 48"
	"19 65 132 69 136 67 123 31 20 48" -- "3 132 48 69 136 67 19 65 123 31 20"
	"3 132 48 69 136 67 19 65 123 31 20" -- "2 132 136 67 19 65 48 31 20 69 3"
	"2 132 136 67 19 65 48 31 20 69 3" -- "29 3 31 19 65 132 48 2 69 136 67 20"
	"29 3 31 19 65 132 48 2 69 136 67 20" -- "27 3 29 132 2 48 69 31 20 65 19 67 136"
	"66 64 16 137 56 47 26 95 51 9 32 105 75" -- "13 64 16 51 47 66 56 26 9 32 75 105"
	"13 64 16 51 47 66 56 26 9 32 75 105" -- "49 64 16 26 66 56 47 51 9 32 105 13 75"
	"20 22 51 17 32 47 72 16 91 68 53 35 105 125 143 132 65 123 50 118 48" -- "107 123 143 125 118 105 50 35 53 20 68 91 16"
	"125 32 48 47 50 64 16 17 132 51 143 72 26 118 105 123 35 91 22 68 53 65" -- "14 65 123 50 22 68 64 26 72 143 132 125 16"
	"9 37 75 122 124 77 123 115 65 17 64 16 51 74 32 118 95 26 90 137 22 91 47 105" -- "78 17 65 115 105 95 118 9 124 91 22 123 77"
	"27 3 29 132 2 48 69 31 20 65 19 67 136" -- "4 67 136 132 2 27 31 20 29 19 69 3"
	"43 50 17 64 102 143 74 121 95 48 105 118 91 122 53 100 124 77 90 104 35 32" -- "142 122 118 95 91 143 77 53 64 105 50 43"
	"60 74 137 122 100 37 75 121 115 35 58 104 32 124 48 17 105 39" -- "24 137 74 75 124 32 58 122 37 60 39 17"
	"109 102 105 121 74 104 32 101 124 53 122 77 100 48 95 90 43" -- "117 53 74 121 105 100 95 102 32 101 109 43"
	"4 67 136 132 2 27 31 20 29 19 69 3" -- "71 67 29 27 20 19 136 4 69 3 2"
	"3 132 48 69 136 67 19 65 123 31 20" -- "28 136 132 123 67 20 31 65 19 69 3"
	"27 3 29 132 2 48 69 31 20 65 19 67 136" -- "18 132 69 67 65 48 20 31 27 29 19"
	"70 72 37 105 53 122 58 104 121 90 102 124 17 39" -- "10 104 90 124 122 37 70 53 105 72 17"
	"49 64 16 26 66 56 47 51 9 32 105 13 75" -- "6 105 66 47 26 49 16 13 64 9"
	"109 102 105 121 74 104 32 101 124 53 122 77 100 48 95 90 43" -- "99 122 124 104 101 90 77 48 109 43"
	"49 64 16 26 66 56 47 51 9 32 105 13 75" -- "139 105 66 51 47 26 13 49 75 9"
	"60 74 137 122 100 37 75 121 115 35 58 104 32 124 48 17 105 39" -- "41 75 122 121 137 115 60 104 39 17"
	"60 74 137 122 100 37 75 121 115 35 58 104 32 124 48 17 105 39" -- "36 35 100 115 60 58 105 17 39 37"
	"24 137 74 75 124 32 58 122 37 60 39 17" -- "11 24 75 137 124 74 37 32 17"
	"107 123 143 125 118 105 50 35 53 20 68 91 16" -- "119 143 118 107 53 105 68 123 35"
	"14 65 123 50 22 68 64 26 72 143 132 125 16" -- "73 143 132 125 123 65 16 64 14"
	"78 17 65 115 105 95 118 9 124 91 22 123 77" -- "82 78 115 95 91 22 77 105 17"
	"31 47 125 123 32 17 132 50 51 68 91 22 20 65 48 118 72" -- "134 91 51 32 22 17 72 68 31"
	"10 104 90 124 122 37 70 53 105 72 17" -- "21 90 104 122 124 17 105 70 10"
	"102 91 143 50 35 115 90 137 95 48 105 37 64 17 32 124 77 53 100 51 121 74 122 75 118 72" -- "112 121 74 100 102 124 95 51"
	"117 53 74 121 105 100 95 102 32 101 109 43" -- "57 121 102 105 117 95 74 53"
	"71 67 29 27 20 19 136 4 69 3 2" -- "54 71 20 69 29 19 136 4"
	"78 17 65 115 105 95 118 9 124 91 22 123 77" -- "30 105 78 91 65 77 22 123"
	"82 78 115 95 91 22 77 105 17" -- "111 82 115 105 91 78 22"
	"101 102 74 104 121 124 32 118 95 90 105 17 48 43 53 122 100 77" -- "61 121 101 17 105 95 43"
	"11 24 75 137 124 74 37 32 17" -- "12 24 75 74 11 37 32"
	"36 35 100 115 60 58 105 17 39 37" -- "76 36 115 100 17 105 35"
	"134 91 51 32 22 17 72 68 31" -- "126 51 134 32 17 91 22"
	"126 51 134 32 17 91 22" -- "130 134 32 126 51"
	"130 134 32 126 51" -- "85 32 134 126 130"
	"85 32 134 126 130" -- "129 32 134 126 130 85"
	"12 24 75 74 11 37 32" -- "7 75 74 24 12 11"
	"117 53 74 121 105 100 95 102 32 101 109 43" -- "103 109 101 43 117 32"
	"112 121 74 100 102 124 95 51" -- "94 112 102 74 121 51"
	"60 74 137 122 100 37 75 121 115 35 58 104 32 124 48 17 105 39" -- "40 60 39 37 32 17"
	"21 90 104 122 124 17 105 70 10" -- "83 122 104 105 90 21"
	"111 82 115 105 91 78 22" -- "120 91 115 82 111"
	"120 91 115 82 111" -- "116 120 111 91 115 82"
	"129 32 134 126 130 85" -- "141 130 129 85 32"
	"141 130 129 85 32" -- "86 141 130 85 129"
	"99 122 124 104 101 90 77 48 109 43" -- "110 122 124 104 99"
	"116 120 111 91 115 82" -- "23 120 116 111 91"
	"24 137 74 75 124 32 58 122 37 60 39 17" -- "55 24 60 32 17"
	"116 120 111 91 115 82" -- "106 120 115 116 111"
	"55 24 60 32 17" -- "25 60 55 24 17"
	"30 105 78 91 65 77 22 123" -- "44 78 77 105 30"
	"119 143 118 107 53 105 68 123 35" -- "45 119 105 118 68"
	"112 121 74 100 102 124 95 51" -- "108 112 100 95 74"
	"70 72 37 105 53 122 58 104 121 90 102 124 17 39" -- "79 121 102 90 70"
	"66 64 16 137 56 47 26 95 51 9 32 105 75" -- "131 75 66 137 47"
	"86 141 130 85 129" -- "84 130 141 86"
	"84 130 141 86" -- "127 141 130 84"
	"41 75 122 121 137 115 60 104 39 17" -- "59 137 75 41"
	"102 91 143 50 35 115 90 137 95 48 105 37 64 17 32 124 77 53 100 51 121 74 122 75 118 72" -- "114 121 102 74"
	"108 112 100 95 74" -- "46 108 100 95"
	"23 120 116 111 91" -- "87 116 111 23"
	"30 105 78 91 65 77 22 123" -- "38 91 30 22"
	"126 51 134 32 17 91 22" -- "128 126 91 17"
	"23 120 116 111 91" -- "33 120 23"
	"33 120 23" -- "34 120 33"
	"112 121 74 100 102 124 95 51" -- "62 112 95"
	"86 141 130 85 129" -- "113 86 85"
	"72 74 124 17 105 91 95 48" -- "1 72 17"
	"75 50 91 118 72 74 17 47 105 48 95 124 32" -- "97 105 75"
	"128 126 91 17" -- "96 128 126"
	"43 50 17 64 102 143 74 121 95 48 105 118 91 122 53 100 124 77 90 104 35 32" -- "52 105 43"
	"109 102 105 121 74 104 32 101 124 53 122 77 100 48 95 90 43" -- "93 109 100"
	"112 121 74 100 102 124 95 51" -- "88 112 95"
	"76 36 115 100 17 105 35" -- "89 76 36"
	"22 122 75 74 53 47 17 124 32 65 91 105 118 48 95 72 50" -- "5 72 22"
	"134 91 51 32 22 17 72 68 31" -- "140 134 22"
	"110 122 124 104 99" -- "138 124 110"
	"141 130 129 85 32" -- "133 141 85"
	"134 91 51 32 22 17 72 68 31" -- "135 134 72"
	"112 121 74 100 102 124 95 51" -- "8 124 112"
	"34 120 33" -- "81 34"
	"130 134 32 126 51" -- "98 130"
	"53 65 47 91 32 72 75 124 74 48 95 50 17 118 105" -- "63 53"
	"141 130 129 85 32" -- "92 141"
	"112 121 74 100 102 124 95 51" -- "80 112"
	"81 34" -- "42 81"
	"85 32 134 126 130" -- "15 85"
}
