graph {
	node [shape=box]
	22 -- "415 22"
	"415 22" -- "32 415 22"
	"32 415 22" -- "115 415 32 22"
	"115 415 32 22" -- "59 32 415 22 115"
	"59 32 415 22 115" -- "638 32 59 115 415 22"
	"638 32 59 115 415 22" -- "255 22 115 415 638 59 32"
	"255 22 115 415 638 59 32" -- "65 638 415 255 59 115 32 22"
	"65 638 415 255 59 115 32 22" -- "63 638 255 65 59 115 415 32 22"
	"63 638 255 65 59 115 415 32 22" -- "40 638 115 255 63 59 65 415 32 22"
	"40 638 115 255 63 59 65 415 32 22" -- "629 40 32 63 65 59 638 415 22 255 115"
	"629 40 32 63 65 59 638 415 22 255 115" -- "196 629 59 255 415 22 40 65 115 32 63 638"
	"196 629 59 255 415 22 40 65 115 32 63 638" -- "49 638 196 65 40 255 59 629 115 63 415 22 32"
	"49 638 196 65 40 255 59 629 115 63 415 22 32" -- "211 638 115 629 415 255 49 196 59 40 65 32 63 22"
	"211 638 115 629 415 255 49 196 59 40 65 32 63 22" -- "23 638 196 115 22 211 629 255 49 59 63 40 65 32 415"
	"23 638 196 115 22 211 629 255 49 59 63 40 65 32 415" -- "47 196 65 115 629 638 40 59 23 211 49 32 415 63 22 255"
	"47 196 65 115 629 638 40 59 23 211 49 32 415 63 22 255" -- "167 196 255 415 638 629 47 23 211 40 63 59 115 65 32 22 49"
	"167 196 255 415 638 629 47 23 211 40 63 59 115 65 32 22 49" -- "151 638 167 196 23 211 59 65 115 63 40 415 32 255 629 47 22 49"
	"151 638 167 196 23 211 59 65 115 63 40 415 32 255 629 47 22 49" -- "266 40 151 65 32 255 115 167 59 196 49 629 47 63 638 211 23 22 415"
	"266 40 151 65 32 255 115 167 59 196 49 629 47 63 638 211 23 22 415" -- "168 266 196 151 415 638 167 115 255 23 211 47 629 59 65 40 63 32 22 49"
	"168 266 196 151 415 638 167 115 255 23 211 47 629 59 65 40 63 32 22 49" -- "124 266 167 196 65 115 49 22 211 23 168 638 151 629 47 415 59 40 63 255 32"
	"124 266 167 196 65 115 49 22 211 23 168 638 151 629 47 415 59 40 63 255 32" -- "501 40 32 63 115 151 65 167 196 59 49 168 22 266 629 47 415 124 23 638 255 211"
	"501 40 32 63 115 151 65 167 196 59 49 168 22 266 629 47 415 124 23 638 255 211" -- "25 501 638 255 266 65 629 47 168 40 63 124 415 196 59 32 23 211 115 22 151 49 167"
	"25 501 638 255 266 65 629 47 168 40 63 124 415 196 59 32 23 211 115 22 151 49 167" -- "237 266 25 196 255 151 501 22 124 415 32 23 211 638 168 47 629 65 59 115 167 40 63 49"
	"237 266 25 196 255 151 501 22 124 415 32 23 211 638 168 47 629 65 59 115 167 40 63 49" -- "253 638 501 266 25 629 47 196 151 415 124 49 237 168 63 40 59 255 115 211 23 65 32 22 167"
	"253 638 501 266 25 629 47 196 151 415 124 49 237 168 63 40 59 255 115 211 23 65 32 22 167" -- "507 40 32 63 115 151 65 167 196 253 59 25 49 168 237 211 23 22 266 501 255 638 47 629 124 415"
	"507 40 32 63 115 151 65 167 196 253 59 25 49 168 237 211 23 22 266 501 255 638 47 629 124 415" -- "473 40 32 63 115 151 65 167 253 59 255 49 237 168 629 47 22 507 211 196 23 501 266 124 415 25 638"
	"473 40 32 63 115 151 65 167 253 59 255 49 237 168 629 47 22 507 211 196 23 501 266 124 415 25 638" -- "140 40 501 473 196 415 124 266 65 59 253 47 629 151 63 32 23 211 25 167 115 255 237 49 507 22 638 168"
	"140 40 501 473 196 415 124 266 65 59 253 47 629 151 63 32 23 211 25 167 115 255 237 49 507 22 638 168" -- "54 638 501 266 168 629 47 151 473 140 237 49 63 255 115 32 415 124 59 253 65 23 211 167 507 22 40 25 196"
	"54 638 501 266 168 629 47 151 473 140 237 49 63 255 115 32 415 124 59 253 65 23 211 167 507 22 40 25 196" -- "232 40 196 266 501 473 22 507 638 168 629 47 151 54 415 124 255 211 167 63 237 140 23 253 59 65 115 49 25 32"
	"232 40 196 266 501 473 22 507 638 168 629 47 151 54 415 124 255 211 167 63 237 140 23 253 59 65 115 49 25 32" -- "6 65 196 63 266 473 25 638 168 232 211 237 140 22 507 115 59 253 47 629 40 124 415 255 49 32 23 167 54 151 501"
	"6 65 196 63 266 473 25 638 168 232 211 237 140 22 507 115 59 253 47 629 40 124 415 255 49 32 23 167 54 151 501" -- "190 167 638 501 266 25 196 151 54 63 473 6 168 232 415 124 49 140 237 255 253 59 211 23 629 47 65 115 32 507 22 40"
	"190 167 638 501 266 25 196 151 54 63 473 6 168 232 415 124 49 140 237 255 253 59 211 23 629 47 65 115 32 507 22 40" -- "422 167 115 196 32 23 54 151 63 40 190 65 266 253 59 473 25 232 507 22 6 168 638 49 140 237 255 47 629 501 211 124 415"
	"422 167 115 196 32 23 54 151 63 40 190 65 266 253 59 473 25 232 507 22 6 168 638 49 140 237 255 47 629 501 211 124 415" -- "464 40 32 63 115 151 54 65 167 190 196 253 59 255 232 49 422 237 140 168 6 629 47 473 23 124 415 211 638 22 507 25 501 266"
	"464 40 32 63 115 151 54 65 167 190 196 253 59 255 232 49 422 237 140 168 6 629 47 473 23 124 415 211 638 22 507 25 501 266" -- "552 40 32 63 115 151 54 65 167 196 190 23 253 59 25 507 22 473 415 124 232 255 49 140 237 211 168 638 47 629 422 464 6 266 501"
	"552 40 32 63 115 151 54 65 167 196 190 23 253 59 25 507 22 473 415 124 232 255 49 140 237 211 168 638 47 629 422 464 6 266 501" -- "630 32 63 168 115 232 49 140 237 65 167 190 6 196 22 507 25 473 211 23 40 253 59 54 151 552 638 464 422 124 415 266 501 629 47 255"
	"630 32 63 168 115 232 49 140 237 65 167 190 6 196 22 507 25 473 211 23 40 253 59 54 151 552 638 464 422 124 415 266 501 629 47 255" -- "500 65 232 151 54 40 23 190 552 422 211 630 32 25 255 168 115 167 253 59 473 464 47 629 49 237 140 63 501 266 638 124 415 507 22 6 196"
	"500 65 232 151 54 40 23 190 552 422 211 630 32 25 255 168 115 167 253 59 473 464 47 629 49 237 140 63 501 266 638 124 415 507 22 6 196" -- "570 232 25 237 140 167 6 552 500 115 196 49 32 168 23 422 253 59 190 211 473 507 22 266 464 501 629 47 255 638 40 124 415 151 54 63 65 630"
	"570 232 25 237 140 167 6 552 500 115 196 49 32 168 23 422 253 59 190 211 473 507 22 266 464 501 629 47 255 638 40 124 415 151 54 63 65 630" -- "161 552 422 232 65 40 6 190 211 54 151 630 47 629 196 570 473 253 59 22 507 23 49 63 501 266 32 500 124 415 115 167 255 25 237 140 638 168 464"
	"161 552 422 232 65 40 6 190 211 54 151 630 47 629 196 570 473 253 59 22 507 23 49 63 501 266 32 500 124 415 115 167 255 25 237 140 638 168 464" -- "308 40 32 63 115 161 151 54 65 167 190 196 23 253 59 255 232 49 168 629 47 630 570 473 140 237 6 415 124 501 266 638 422 500 464 211 25 22 507 552"
	"308 40 32 63 115 161 151 54 65 167 190 196 23 253 59 255 232 49 168 629 47 630 570 473 140 237 6 415 124 501 266 638 422 500 464 211 25 22 507 552" -- "370 168 232 140 237 255 422 630 308 211 40 63 190 115 151 54 32 638 65 6 25 266 464 47 629 501 23 196 507 22 49 59 253 570 473 500 167 552 161 124 415"
	"370 168 232 140 237 255 422 630 308 211 40 63 190 115 151 54 32 638 65 6 25 266 464 47 629 501 23 196 507 22 49 59 253 570 473 500 167 552 161 124 415" -- "627 40 32 63 115 151 54 190 65 167 630 253 59 255 25 232 23 500 464 370 196 570 473 49 140 237 211 308 415 124 501 266 422 47 629 22 507 168 638 552 161 6"
	"627 40 32 63 115 151 54 190 65 167 630 253 59 255 25 232 23 500 464 370 196 570 473 49 140 237 211 308 415 124 501 266 422 47 629 22 507 168 638 552 161 6" -- "174 500 630 552 627 638 422 501 266 161 308 211 40 370 196 570 473 25 464 115 190 237 140 255 507 22 168 49 23 167 253 59 6 63 232 415 124 32 151 54 65 629 47"
	"174 500 630 552 627 638 422 501 266 161 308 211 40 370 196 570 473 25 464 115 190 237 140 255 507 22 168 49 23 167 253 59 6 63 232 415 124 32 151 54 65 629 47" -- "531 40 32 63 115 151 54 174 65 167 190 630 161 196 253 59 266 570 473 25 232 507 22 638 168 49 140 237 6 47 629 552 211 308 370 464 255 627 23 500 415 124 501 422"
	"531 40 32 63 115 151 54 174 65 167 190 630 161 196 253 59 266 570 473 25 232 507 22 638 168 49 140 237 6 47 629 552 211 308 370 464 255 627 23 500 415 124 501 422" -- "474 65 232 151 54 40 23 174 6 422 190 552 531 627 629 47 501 630 32 25 255 168 253 59 49 237 140 161 464 570 473 22 507 124 415 115 500 638 266 63 370 196 167 211 308"
	"474 65 232 151 54 40 23 174 6 422 190 552 531 627 629 47 501 630 32 25 255 168 253 59 49 237 140 161 464 570 473 22 507 124 415 115 500 638 266 63 370 196 167 211 308" -- "159 474 627 232 161 140 237 49 115 552 638 630 168 422 253 59 63 190 174 167 370 531 464 54 151 25 501 6 124 415 40 22 507 266 255 23 308 211 473 570 196 500 32 47 629 65"
	"159 474 627 232 161 140 237 49 115 552 638 630 168 422 253 59 63 190 174 167 370 531 464 54 151 25 501 6 124 415 40 22 507 266 255 23 308 211 473 570 196 500 32 47 629 65" -- "76 630 552 627 638 422 501 40 370 174 464 32 168 115 161 151 54 570 473 65 159 196 63 500 266 474 255 124 415 629 47 308 211 253 59 6 232 25 190 531 237 140 23 167 49 507 22"
	"76 630 552 627 638 422 501 40 370 174 464 32 168 115 161 151 54 570 473 65 159 196 63 500 266 474 255 124 415 629 47 308 211 253 59 6 232 25 190 531 237 140 23 167 49 507 22" -- "173 627 422 232 552 161 501 630 308 211 40 159 464 76 174 474 500 629 47 54 151 255 140 237 49 415 124 25 168 638 570 473 266 63 370 507 22 23 167 196 115 190 531 32 59 253 65 6"
	"173 627 422 232 552 161 501 630 308 211 40 159 464 76 174 474 500 629 47 54 151 255 140 237 49 415 124 25 168 638 570 473 266 63 370 507 22 23 167 196 115 190 531 32 59 253 65 6" -- "13 500 474 370 630 161 65 159 196 54 151 266 501 570 473 25 22 507 6 531 174 629 47 415 124 173 76 464 40 32 253 59 627 63 168 638 308 211 23 167 422 237 140 255 552 232 115 190 49"
	"13 500 474 370 630 161 65 159 196 54 151 266 501 570 473 25 22 507 6 531 174 629 47 415 124 173 76 464 40 32 253 59 627 63 168 638 308 211 23 167 422 237 140 255 552 232 115 190 49" -- "138 474 63 161 151 54 65 196 159 500 370 630 266 501 570 473 25 22 507 627 531 40 6 232 174 32 415 124 140 237 49 190 211 308 167 115 23 59 253 47 629 638 168 255 552 422 173 76 464 13"
	"138 474 63 161 151 54 65 196 159 500 370 630 266 501 570 473 25 22 507 627 531 40 6 232 174 32 415 124 140 237 49 190 211 308 167 115 23 59 253 47 629 638 168 255 552 422 173 76 464 13" -- "184 13 422 627 138 232 552 65 159 531 190 174 370 151 54 6 40 501 630 629 47 570 473 507 22 464 76 173 23 32 25 115 167 253 59 49 237 140 638 168 474 266 124 415 500 63 255 161 308 211 196"
	"184 13 422 627 138 232 552 65 159 531 190 174 370 151 54 6 40 501 630 629 47 570 473 507 22 464 76 173 23 32 25 115 167 253 59 49 237 140 638 168 474 266 124 415 500 63 255 161 308 211 196" -- "263 232 13 422 184 474 138 40 161 151 54 168 25 500 124 415 255 196 570 370 174 266 167 23 237 140 211 63 159 47 629 59 253 65 6 190 49 115 76 173 32 22"
	"263 232 13 422 184 474 138 40 161 151 54 168 25 500 124 415 255 196 570 370 174 266 167 23 237 140 211 63 159 47 629 59 253 65 6 190 49 115 76 173 32 22" -- "224 232 47 422 159 174 196 25 173 76 184 474 138 161 370 263 255 570 22 266 168 167 63 13 59 253 65 54 151 140 237 190 49 115 211 23 40 415 124 32 500 6"
	"224 232 47 422 159 174 196 25 173 76 184 474 138 161 370 263 255 570 22 266 168 167 63 13 59 253 65 54 151 140 237 190 49 115 211 23 40 415 124 32 500 6" -- "46 138 232 161 140 237 184 47 124 422 255 174 159 13 211 196 370 49 25 76 173 263 190 570 22 168 167 23 115 59 253 65 63 40 32 54 151 6 224"
	"46 138 232 161 140 237 184 47 124 422 255 174 159 13 211 196 370 49 25 76 173 263 190 570 22 168 167 23 115 59 253 65 63 40 32 54 151 6 224" -- "133 161 140 237 184 174 173 76 115 168 570 255 25 40 224 253 59 6 196 49 190 23 167 370 65 159 13 54 151 63 47 232 138 422 46 211 263 124 32 22"
	"133 161 140 237 184 174 173 76 115 168 570 255 25 40 224 253 59 6 196 49 190 23 167 370 65 159 13 54 151 63 47 232 138 422 46 211 263 124 32 22" -- "193 138 161 184 13 49 25 422 570 151 54 370 255 196 211 232 190 140 237 224 263 47 133 167 23 174 6 253 59 115 46 63 40 168 124 159 65 76 173 32 22"
	"193 138 161 184 13 49 25 422 570 151 54 370 255 196 211 232 190 140 237 224 263 47 133 167 23 174 6 253 59 115 46 63 40 168 124 159 65 76 173 32 22" -- "155 232 161 13 124 422 174 167 370 23 173 76 115 138 193 47 54 151 133 6 253 59 255 570 22 190 140 237 49 25 184 211 196 32 63 46 224 40 159 65 263 168"
	"155 232 161 13 124 422 174 167 370 23 173 76 115 138 193 47 54 151 133 6 253 59 255 570 22 190 140 237 49 25 184 211 196 32 63 46 224 40 159 65 263 168" -- "182 138 161 184 168 422 190 193 570 370 174 173 76 255 25 47 40 54 151 159 65 32 13 23 211 196 263 6 253 59 133 224 124 46 115 232 155 63 49 140 237 167 22"
	"182 138 161 184 168 422 190 193 570 370 174 173 76 255 25 47 40 54 151 159 65 32 13 23 211 196 263 6 253 59 133 224 124 46 115 232 155 63 49 140 237 167 22" -- "19 138 232 161 140 237 184 13 133 54 151 47 182 570 49 190 168 174 173 76 193 124 224 25 255 22 40 263 63 32 422 46 253 59 6 155 23 211 370 115 159 65 167 196"
	"19 138 232 161 140 237 184 13 133 54 151 47 182 570 49 190 168 174 173 76 193 124 224 25 255 22 40 263 63 32 422 46 253 59 6 155 23 211 370 115 159 65 167 196" -- "154 138 161 140 237 184 173 76 174 13 196 19 54 151 63 182 570 155 40 190 49 370 159 59 253 65 115 6 263 167 23 47 255 224 32 193 232 25 124 168 211 422 46 133 22"
	"154 138 161 140 237 184 173 76 174 13 196 19 54 151 63 182 570 155 40 190 49 370 159 59 253 65 115 6 263 167 23 47 255 224 32 193 232 25 124 168 211 422 46 133 22" -- "30 138 232 161 140 237 184 13 211 115 47 124 76 173 32 54 151 174 253 59 6 422 46 133 182 570 196 25 19 255 263 190 49 370 167 23 193 65 159 168 224 155 40 63 154 22"
	"30 138 232 161 140 237 184 13 211 115 47 124 76 173 32 54 151 174 253 59 6 422 46 133 182 570 196 25 19 255 263 190 49 370 167 23 193 65 159 168 224 155 40 63 154 22" -- "126 138 161 140 237 184 124 422 54 151 47 182 570 168 25 224 30 173 76 155 255 190 49 193 40 23 211 133 263 22 63 32 370 232 46 13 154 253 59 6 196 174 167 19 159 65 115"
	"126 138 161 140 237 184 124 422 54 151 47 182 570 168 25 224 30 173 76 155 255 190 49 193 40 23 211 133 263 22 63 32 370 232 46 13 154 253 59 6 196 174 167 19 159 65 115" -- "9 138 232 161 140 237 184 13 115 47 168 54 151 49 190 19 25 173 76 154 124 224 30 133 182 570 155 40 263 159 65 174 6 253 59 193 126 32 23 167 255 370 63 196 211 422 46 22"
	"184 13 422 627 138 232 552 65 159 531 190 174 370 151 54 6 40 501 630 629 47 570 473 507 22 464 76 173 23 32 25 115 167 253 59 49 237 140 638 168 474 266 124 415 500 63 255 161 308 211 196" -- "516 140 168 167 115 13 174 184 190 552 6 266 627 161 474 23 473 570 196 415 124 25 40 59 54 151 507 22 531 638 422 255 47 629 500 159 501 370 173 464 138 630 211 308"
	"516 140 168 167 115 13 174 184 190 552 6 266 627 161 474 23 473 570 196 415 124 25 40 59 54 151 507 22 531 638 422 255 47 629 500 159 501 370 173 464 138 630 211 308" -- "490 174 190 6 184 161 370 627 196 474 266 173 464 630 500 516 13 115 159 473 570 138 308 211 124 415 167 47 629 168 638 140 422 531 507 552 255 501"
	"490 174 190 6 184 161 370 627 196 474 266 173 464 630 500 516 13 115 159 473 570 138 308 211 124 415 167 47 629 168 638 140 422 531 507 552 255 501" -- "407 190 255 422 6 630 161 627 490 159 211 308 552 47 629 531 124 415 196 474 501 266 507 500 173 464 138 370 174 638 516 184 570 473"
	"407 190 255 422 6 630 161 627 490 159 211 308 552 47 629 531 124 415 196 474 501 266 507 500 173 464 138 370 174 638 516 184 570 473" -- "279 190 6 531 552 422 255 138 161 627 500 629 47 630 159 474 507 464 173 196 501 407 266 473 570 184 516 638 124 415 370 308 211 490"
	"279 190 6 531 552 422 255 138 161 627 500 629 47 630 159 474 507 464 173 196 501 407 266 473 570 184 516 638 124 415 370 308 211 490" -- "318 190 422 255 124 552 196 161 308 531 501 474 173 370 500 415 490 464 407 630 184 266 47 638 138 629 627 570 159 507 6 473 279 516"
	"318 190 422 255 124 552 196 161 308 531 501 474 173 370 500 415 490 464 407 630 184 266 47 638 138 629 627 570 159 507 6 473 279 516" -- "391 190 6 552 255 161 159 629 47 501 630 308 531 138 184 516 490 422 370 196 474 500 507 627 570 473 279 266 173 464 124 415 318 407 638"
	"391 190 6 552 255 161 159 629 47 501 630 308 531 138 184 516 490 422 370 196 474 500 507 627 570 473 279 266 173 464 124 415 318 407 638" -- "439 190 255 422 6 184 552 407 196 161 500 138 630 501 531 266 516 308 490 474 47 629 279 473 570 159 124 318 415 173 464 370 507 391 638 627"
	"439 190 255 422 6 184 552 407 196 161 500 138 630 501 531 266 516 308 490 474 47 629 279 473 570 159 124 318 415 173 464 370 507 391 638 627" -- "383 190 552 255 422 6 138 630 184 47 629 501 407 196 173 464 161 490 159 124 318 415 279 570 473 370 474 500 391 507 638 531 627 439 516 266 308"
	"383 190 552 255 422 6 138 630 184 47 629 501 407 196 173 464 161 490 159 124 318 415 279 570 473 370 474 500 391 507 638 531 627 439 516 266 308" -- "410 190 6 308 184 196 422 638 474 570 473 279 627 161 370 255 507 124 415 318 391 630 531 516 159 500 490 383 407 501 266 439 138 173 464 47 629 552"
	"410 190 6 308 184 196 422 638 474 570 473 279 627 161 370 255 507 124 415 318 391 630 531 516 159 500 490 383 407 501 266 439 138 173 464 47 629 552" -- "275 190 6 531 552 422 255 138 161 627 501 630 47 629 159 474 308 500 196 370 410 507 383 464 173 570 473 279 638 439 490 407 266 124 318 415 516 184 391"
	"275 190 6 531 552 422 255 138 161 627 501 630 47 629 159 474 308 500 196 370 410 507 383 464 173 570 473 279 638 439 490 407 266 124 318 415 516 184 391" -- "479 184 190 6 255 630 161 627 196 638 138 531 159 474 516 422 383 570 279 473 507 410 308 275 407 266 501 500 552 391 439 173 464 370 124 415 318 47 629 490"
	"479 184 190 6 255 630 161 627 196 638 138 531 159 474 516 422 383 570 279 473 507 410 308 275 407 266 501 500 552 391 439 173 464 370 124 415 318 47 629 490" -- "335 627 161 184 196 190 6 266 422 255 629 47 630 552 516 531 318 415 124 500 159 474 490 570 473 279 479 410 507 383 275 391 638 308 501 407 138 173 464 370 439"
	"335 627 161 184 196 190 6 266 422 255 629 47 630 552 516 531 318 415 124 500 159 474 490 570 473 279 479 410 507 383 275 391 638 308 501 407 138 173 464 370 439" -- "413 627 161 190 6 552 255 159 47 629 531 410 507 500 474 184 516 630 383 308 464 173 196 279 473 570 335 275 501 407 266 422 479 138 124 415 318 638 391 490 439 370"
	"413 627 161 190 6 552 255 159 47 629 531 410 507 500 474 184 516 630 383 308 464 173 196 279 473 570 335 275 501 407 266 422 479 138 124 415 318 638 391 490 439 370" -- "319 190 161 422 255 630 413 627 266 552 531 196 479 308 474 516 159 47 629 500 439 184 279 570 473 6 335 501 407 383 638 124 415 318 507 410 173 464 138 370 275 490 391"
	"319 190 161 422 255 630 413 627 266 552 531 196 479 308 474 516 159 47 629 500 439 184 279 570 473 6 335 501 407 383 638 124 415 318 507 410 173 464 138 370 275 490 391" -- "508 184 190 413 552 308 255 422 6 629 47 630 500 196 570 279 473 275 474 479 159 516 391 370 138 173 464 383 335 319 410 507 490 161 318 415 124 407 266 501 439 627 531 638"
	"508 184 190 413 552 308 255 422 6 629 47 630 500 196 570 279 473 275 474 479 159 516 391 370 138 173 464 383 335 319 410 507 490 161 318 415 124 407 266 501 439 627 531 638" -- "419 627 161 190 6 196 508 184 552 474 570 279 473 638 516 383 422 391 479 413 319 410 507 275 630 531 124 318 415 439 255 490 308 335 407 266 501 370 173 464 138 500 159 47 629"
	"419 627 161 190 6 196 508 184 552 474 570 279 473 638 516 383 422 391 479 413 319 410 507 275 630 531 124 318 415 439 255 490 308 335 407 266 501 370 173 464 138 500 159 47 629" -- "595 184 190 173 464 6 531 552 516 419 47 629 159 630 508 500 255 161 490 638 422 474 410 507 413 319 415 318 124 570 473 279 335 501 266 407 308 479 391 196 138 370 627 439 275 383"
	"595 184 190 173 464 6 531 552 516 419 47 629 159 630 508 500 255 161 490 638 422 474 410 507 413 319 415 318 124 570 473 279 335 501 266 407 308 479 391 196 138 370 627 439 275 383" -- "357 190 552 255 422 6 595 627 161 196 47 629 516 419 630 500 159 508 275 173 464 570 473 279 490 638 308 319 410 507 413 370 138 501 407 266 479 335 531 439 391 124 318 415 184 474 383"
	"357 190 552 255 422 6 595 627 161 196 47 629 516 419 630 500 159 508 275 173 464 570 473 279 490 638 308 319 410 507 413 370 138 501 407 266 479 335 531 439 391 124 318 415 184 474 383" -- "476 516 419 630 629 47 184 318 415 308 479 552 531 357 473 570 279 275 464 173 508 490 161 500 370 627 439 335 501 595 407 266 413 410 507 319 391 383 474 196 638"
	"476 516 419 630 629 47 184 318 415 308 479 552 531 357 473 570 279 275 464 173 508 490 161 500 370 627 439 335 501 595 407 266 413 410 507 319 391 383 474 196 638" -- "328 184 196 500 474 516 419 629 47 630 479 552 570 473 279 357 308 507 410 508 275 318 415 370 173 464 413 319 638 391 531 476 335 595 501 407 266 439 627 161 490 383"
	"328 184 196 500 474 516 419 629 47 630 479 552 570 473 279 357 308 507 410 508 275 318 415 370 173 464 413 319 638 391 531 476 335 595 501 407 266 439 627 161 490 383" -- "597 516 419 630 629 47 508 196 464 173 507 410 500 474 357 308 479 552 531 627 439 318 415 161 490 275 413 319 328 638 279 570 473 370 391 184 335 476 595 266 501 407 383"
	"597 516 419 630 629 47 508 196 464 173 507 410 500 474 357 308 479 552 531 627 439 318 415 161 490 275 413 319 328 638 279 570 473 370 391 184 335 476 595 266 501 407 383" -- "314 552 308 415 630 47 531 629 508 173 196 161 490 419 184 597 516 328 357 500 627 439 479 413 319 507 474 501 595 407 266 473 570 476 335 279 464 370 638 410 391 383 318 275"
	"314 552 308 415 630 47 531 629 508 173 196 161 490 419 184 597 516 328 357 500 627 439 479 413 319 507 474 501 595 407 266 473 570 476 335 279 464 370 638 410 391 383 318 275" -- "514 516 419 630 629 47 314 508 161 490 184 318 415 479 552 328 357 507 410 597 500 570 279 473 275 501 595 407 266 638 308 627 439 531 196 474 391 370 173 464 413 319 335 476 383"
	"514 516 419 630 629 47 314 508 161 490 184 318 415 479 552 328 357 507 410 597 500 570 279 473 275 501 595 407 266 638 308 627 439 531 196 474 391 370 173 464 413 319 335 476 383" -- "417 413 357 184 516 419 630 629 47 597 500 196 314 508 507 410 275 318 415 308 479 552 473 570 279 514 531 627 439 464 173 319 335 476 161 490 328 266 595 501 407 391 383 474 638 370"
	"417 413 357 184 516 419 630 629 47 597 500 196 314 508 507 410 275 318 415 308 479 552 473 570 279 514 531 627 439 464 173 319 335 476 161 490 328 266 595 501 407 391 383 474 638 370" -- "351 552 308 415 630 47 531 629 508 490 161 500 357 516 328 479 410 196 638 413 507 319 318 275 597 501 595 266 407 173 314 383 474 473 514 279 570 476 335 419 184 391 464 370 417 627 439"
	"9 138 232 161 140 237 184 13 115 47 168 54 151 49 190 19 25 173 76 154 124 224 30 133 182 570 155 40 263 159 65 174 6 253 59 193 126 32 23 167 255 370 63 196 211 422 46 22" -- "200 255 161 6 151 184 370 182 224 155 19 47 190 237 49 76 138 232 167 25 40 196 174 9 263 23 211 154 133 193 30 124 63 59 140 46 32 173 126 22 253 159 65 54 115"
	"200 255 161 6 151 184 370 182 224 155 19 47 190 237 49 76 138 232 167 25 40 196 174 9 263 23 211 154 133 193 30 124 63 59 140 46 32 173 126 22 253 159 65 54 115" -- "93 255 161 151 47 184 133 154 25 182 370 76 174 54 159 65 253 155 40 6 23 211 49 190 237 263 167 173 32 126 196 9 19 59 200 193 30 124 46 115 63 224 138 232 22"
	"93 255 161 151 47 184 133 154 25 182 370 76 174 54 159 65 253 155 40 6 23 211 49 190 237 263 167 173 32 126 196 9 19 59 200 193 30 124 46 115 63 224 138 232 22" -- "165 6 151 47 184 133 22 174 59 200 155 76 30 19 196 263 25 54 253 159 65 154 9 161 255 182 370 232 23 211 237 49 190 167 173 32 126 93 46 115 224 63 40 193"
	"138 474 63 161 151 54 65 196 159 500 370 630 266 501 570 473 25 22 507 627 531 40 6 232 174 32 415 124 140 237 49 190 211 308 167 115 23 59 253 47 629 638 168 255 552 422 173 76 464 13" -- "177 59 266 501 473 507 6 531 308 167 196 629 65 253 174 13 237 49 190 54 464 124 138 232 422 140 25 161 255 23 115 151 76 638 168 415 47 627 63 552 630 173 32 22"
	"351 552 308 415 630 47 531 629 508 490 161 500 357 516 328 479 410 196 638 413 507 319 318 275 597 501 595 266 407 173 314 383 474 473 514 279 570 476 335 419 184 391 464 370 417 627 439" -- "285 490 630 47 196 419 184 415 308 552 629 531 357 500 439 279 514 383 351 464 417 319 413 507 328 638 474 597 275 173 314 410 501 407 266 595 570 476 335 473 391 479 318"
	"165 6 151 47 184 133 22 174 59 200 155 76 30 19 196 263 25 54 253 159 65 154 9 161 255 182 370 232 23 211 237 49 190 167 173 32 126 93 46 115 224 63 40 193" -- "150 151 47 133 23 211 154 174 30 25 76 155 193 63 182 370 165 9 224 46 93 263 49 237 22 173 32 126 167 184 161 115 200 59 40 19 253 159 65 54 196 6"
	"150 151 47 133 23 211 154 174 30 25 76 155 193 63 182 370 165 9 224 46 93 263 49 237 22 173 32 126 167 184 161 115 200 59 40 19 253 159 65 54 196 6" -- "120 151 184 155 76 63 30 224 115 154 167 47 263 49 237 23 211 196 193 165 133 173 32 126 174 200 59 54 93 46 40 22 182 370 159 253 65 19 9 150 6 25"
	"120 151 184 155 76 63 30 224 115 154 167 47 263 49 237 23 211 196 193 165 133 173 32 126 174 200 59 54 93 46 40 22 182 370 159 253 65 19 9 150 6 25" -- "208 184 133 49 40 174 200 115 193 63 22 155 76 196 54 30 25 263 253 65 159 9 150 47 154 120 167 165 182 370 224 151 19 211 23 93 46 126 173 32"
	"357 190 552 255 422 6 595 627 161 196 47 629 516 419 630 500 159 508 275 173 464 570 473 279 490 638 308 319 410 507 413 370 138 501 407 266 479 335 531 439 391 124 318 415 184 474 383" -- "613 275 138 279 439 531 318 357 383 419 508 410 47 308 464 370 629 159 507 413 319 500 124 595 266 407 501 630 638 415 255 490 552 391 479 516 422 335 6 190"
	"613 275 138 279 439 531 318 357 383 419 508 410 47 308 464 370 629 159 507 413 319 500 124 595 266 407 501 630 638 415 255 490 552 391 479 516 422 335 6 190" -- "41 275 479 383 47 630 308 318 370 464 508 391 613 124 500 507 319 357 419 638 279 138 552 422 516 159 629 415 410 595 266 407 501 255 490 335 6 531 439"
	"41 275 479 383 47 630 308 318 370 464 508 391 613 124 500 507 319 357 419 638 279 138 552 422 516 159 629 415 410 595 266 407 501 255 490 335 6 531 439" -- "547 357 391 47 630 638 552 279 479 308 275 508 383 613 629 159 124 500 507 319 595 266 407 501 422 516 255 490 419 531 439 318 410 415 370 41 464 335 6"
	"547 357 391 47 630 638 552 279 479 308 275 508 383 613 629 159 124 500 507 319 595 266 407 501 422 516 255 490 419 531 439 318 410 415 370 41 464 335 6" -- "303 275 279 638 47 630 439 318 357 391 419 508 383 613 629 159 124 547 500 507 319 335 6 422 516 415 490 255 531 464 41 370 308 552 595 266 407 501 479 410"
	"351 552 308 415 630 47 531 629 508 490 161 500 357 516 328 479 410 196 638 413 507 319 318 275 597 501 595 266 407 173 314 383 474 473 514 279 570 476 335 419 184 391 464 370 417 627 439" -- "375 531 629 508 196 500 570 476 410 479 514 279 314 474 351 638 415 383 370 417 319 507 630 328 516 161 490 391 627 439 501 407 595 266 473 597 275 318 357"
	"208 184 133 49 40 174 200 115 193 63 22 155 76 196 54 30 25 263 253 65 159 9 150 47 154 120 167 165 182 370 224 151 19 211 23 93 46 126 173 32" -- "64 211 76 193 133 63 40 30 49 154 224 9 150 200 54 263 167 120 182 370 208 155 196 174 165 115 184 93 46 25 19 253 159 65 126 173 32 22"
	"285 490 630 47 196 419 184 415 308 552 629 531 357 500 439 279 514 383 351 464 417 319 413 507 328 638 474 597 275 173 314 410 501 407 266 595 570 476 335 473 391 479 318" -- "553 47 630 419 184 500 410 391 474 570 476 357 383 490 415 314 173 196 328 351 417 464 439 638 308 514 279 597 275 319 413 318 285 473 501 407 266"
	"64 211 76 193 133 63 40 30 49 154 224 9 150 200 54 263 167 120 182 370 208 155 196 174 165 115 184 93 46 25 19 253 159 65 126 173 32 22" -- "176 40 174 76 155 193 115 200 30 49 154 22 54 93 46 120 167 64 25 182 370 224 63 263 32 173 126 208 19 159 253 65 165 211 9 150 196"
	"375 531 629 508 196 500 570 476 410 479 514 279 314 474 351 638 415 383 370 417 319 507 630 328 516 161 490 391 627 439 501 407 595 266 473 597 275 318 357" -- "274 196 500 417 370 473 319 507 351 474 514 279 638 375 328 314 383 391 275 597 161 490 629 476 570 508 627 439 531 410 318 479 501 407 595 266"
	"9 138 232 161 140 237 184 13 115 47 168 54 151 49 190 19 25 173 76 154 124 224 30 133 182 570 155 40 263 159 65 174 6 253 59 193 126 32 23 167 255 370 63 196 211 422 46 22" -- "169 168 190 49 570 255 47 151 19 54 32 126 59 263 196 182 133 422 46 211 23 115 159 65 224 155 40 63 124 30 22 9 154 13 193"
	"176 40 174 76 155 193 115 200 30 49 154 22 54 93 46 120 167 64 25 182 370 224 63 263 32 173 126 208 19 159 253 65 165 211 9 150 196" -- "7 174 193 224 22 155 76 165 196 30 19 208 9 150 126 32 173 167 120 65 159 64 54 263 200 370 182 25 115 93 46 176 63 40"
	"303 275 279 638 47 630 439 318 357 391 419 508 383 613 629 159 124 547 500 507 319 335 6 422 516 415 490 255 531 464 41 370 308 552 595 266 407 501 479 410" -- "637 41 308 630 547 124 47 490 255 159 629 422 638 613 279 275 501 266 595 318 410 479 319 507 415 303 335 391 552 419"
	"169 168 190 49 570 255 47 151 19 54 32 126 59 263 196 182 133 422 46 211 23 115 159 65 224 155 40 63 124 30 22 9 154 13 193" -- "233 154 570 193 9 169 263 255 159 65 133 182 190 40 224 63 155 59 151 46 422 23 168 32 30 124 47 22"
	"177 59 266 501 473 507 6 531 308 167 196 629 65 253 174 13 237 49 190 54 464 124 138 232 422 140 25 161 255 23 115 151 76 638 168 415 47 627 63 552 630 173 32 22" -- "223 531 6 627 308 124 168 638 464 140 422 629 507 415 177 237 49 22 552 232 138 25 255 473 501 266 59 13"
	"274 196 500 417 370 473 319 507 351 474 514 279 638 375 328 314 383 391 275 597 161 490 629 476 570 508 627 439 531 410 318 479 501 407 595 266" -- "495 417 370 351 474 279 507 274 407 266 595 501 439 627 638 275 473 328 375 410 318 479 161 391 383 314 476 508"
	"553 47 630 419 184 500 410 391 474 570 476 357 383 490 415 314 173 196 328 351 417 464 439 638 308 514 279 597 275 319 413 318 285 473 501 407 266" -- "561 184 597 357 500 279 514 473 285 476 266 407 196 474 638 383 314 173 439 391 275 319 413 410 553 318 351"
	"274 196 500 417 370 473 319 507 351 474 514 279 638 375 328 314 383 391 275 597 161 490 629 476 570 508 627 439 531 410 318 479 501 407 595 266" -- "397 476 473 500 638 274 328 375 490 319 407 595 196 474 514 439 627 410 479 318 370 597 275 391 383 314"
	"7 174 193 224 22 155 76 165 196 30 19 208 9 150 126 32 173 167 120 65 159 64 54 263 200 370 182 25 115 93 46 176 63 40" -- "3 155 76 25 182 370 120 167 46 165 150 9 224 30 7 64 200 263 196 174 208 19 65 159 176"
	"7 174 193 224 22 155 76 165 196 30 19 208 9 150 126 32 173 167 120 65 159 64 54 263 200 370 182 25 115 93 46 176 63 40" -- "15 22 32 173 126 196 150 64 176 263 63 224 46 93 208 54 7 193 167 120 19 65 115 200"
	"303 275 279 638 47 630 439 318 357 391 419 508 383 613 629 159 124 547 500 507 319 335 6 422 516 415 490 255 531 464 41 370 308 552 595 266 407 501 479 410" -- "445 629 613 501 407 516 383 357 41 464 370 508 531 439 415 391 303 547 500 318 410 479 419 335"
	"445 629 613 501 407 516 383 357 41 464 370 508 531 439 415 391 303 547 500 318 410 479 419 335" -- "327 501 407 391 335 357 500 547 370 464 41 419 613 383 445 629 303 415 318 410 516 508 531 439"
	"553 47 630 419 184 500 410 391 474 570 476 357 383 490 415 314 173 196 328 351 417 464 439 638 308 514 279 597 275 319 413 318 285 473 501 407 266" -- "462 357 383 328 490 279 464 638 308 630 473 501 266 415 318 553 47 391 439 570 419 474 413 275"
	"561 184 597 357 500 279 514 473 285 476 266 407 196 474 638 383 314 173 439 391 275 319 413 410 553 318 351" -- "356 357 553 514 474 266 500 638 318 410 319 597 275 476 407 314 383 184 391 439 561 285 351"
	"495 417 370 351 474 279 507 274 407 266 595 501 439 627 638 275 473 328 375 410 318 479 161 391 383 314 476 508" -- "278 351 474 274 507 595 266 473 495 275 407 391 439 370 314 383 279 417 375 479 410 318"
	"224 232 47 422 159 174 196 25 173 76 184 474 138 161 370 263 255 570 22 266 168 167 63 13 59 253 65 54 151 140 237 190 49 115 211 23 40 415 124 32 500 6" -- "57 415 474 266 59 263 167 184 115 161 500 224 63 49 22 76 168 140 255 25 32"
	"285 490 630 47 196 419 184 415 308 552 629 531 357 500 439 279 514 383 351 464 417 319 413 507 328 638 474 597 275 173 314 410 501 407 266 595 570 476 335 473 391 479 318" -- "409 417 319 597 476 407 335 328 464 439 531 514 629 552 318 479 501 285 308 507 415"
	"177 59 266 501 473 507 6 531 308 167 196 629 65 253 174 13 237 49 190 54 464 124 138 232 422 140 25 161 255 23 115 151 76 638 168 415 47 627 63 552 630 173 32 22" -- "16 32 124 22 54 49 177 140 255 115 253 65 173 196 63 151 167 237 168 47"
	"356 357 553 514 474 266 500 638 318 410 319 597 275 476 407 314 383 184 391 439 561 285 351" -- "384 514 356 275 266 561 285 407 476 553 474 391 314 383 439 410 318 638 500 357"
	"327 501 407 391 335 357 500 547 370 464 41 419 613 383 445 629 303 415 318 410 516 508 531 439" -- "612 410 516 508 370 327 419 547 501 383 613 415 500 629 445 335 464 303"
	"3 155 76 25 182 370 120 167 46 165 150 9 224 30 7 64 200 263 196 174 208 19 65 159 176" -- "88 165 25 208 76 30 7 263 46 155 196 159 182 120 64 65 19 3"
	"397 476 473 500 638 274 328 375 490 319 407 595 196 474 514 439 627 410 479 318 370 597 275 391 383 314" -- "353 319 595 383 500 196 474 397 514 391 410 318 370 439 275 473 476 407"
	"93 255 161 151 47 184 133 154 25 182 370 76 174 54 159 65 253 155 40 6 23 211 49 190 237 263 167 173 32 126 196 9 19 59 200 193 30 124 46 115 63 224 138 232 22" -- "110 263 237 211 6 190 224 40 155 59 253 138 115 93 49 32 22"
	"177 59 266 501 473 507 6 531 308 167 196 629 65 253 174 13 237 49 190 54 464 124 138 232 422 140 25 161 255 23 115 151 76 638 168 415 47 627 63 552 630 173 32 22" -- "70 168 124 32 190 22 47 177 13 174 255 232 140 49 138 23 115"
	"637 41 308 630 547 124 47 490 255 159 629 422 638 613 279 275 501 266 595 318 410 479 319 507 415 303 335 391 552 419" -- "358 637 613 552 638 124 630 41 547 501 490 629 422 255 410 415 47"
	"462 357 383 328 490 279 464 638 308 630 473 501 266 415 318 553 47 391 439 570 419 474 413 275" -- "437 464 413 473 266 308 318 638 415 553 490 328 383 357 462 439 279"
	"169 168 190 49 570 255 47 151 19 54 32 126 59 263 196 182 133 422 46 211 23 115 159 65 224 155 40 63 124 30 22 9 154 13 193" -- "153 133 126 49 22 54 169 13 59 40 63 224 182 211 32 23 46"
	"233 154 570 193 9 169 263 255 159 65 133 182 190 40 224 63 155 59 151 46 422 23 168 32 30 124 47 22" -- "199 65 255 263 233 9 193 40 155 224 169 570 133 30 154 22"
	"637 41 308 630 547 124 47 490 255 159 629 422 638 613 279 275 501 266 595 318 410 479 319 507 415 303 335 391 552 419" -- "349 159 335 275 419 637 490 318 479 547 507 415 308 319 279 629"
	"327 501 407 391 335 357 500 547 370 464 41 419 613 383 445 629 303 415 318 410 516 508 531 439" -- "639 357 445 41 415 335 391 407 531 439 508 464 410 318 327 419"
	"88 165 25 208 76 30 7 263 46 155 196 159 182 120 64 65 19 3" -- "74 25 263 3 208 196 159 182 165 19 88 30 7 76 64"
	"358 637 613 552 638 124 630 41 547 501 490 629 422 255 410 415 47" -- "166 613 552 638 637 422 629 255 501 490 358 47 415 124 630"
	"15 22 32 173 126 196 150 64 176 263 63 224 46 93 208 54 7 193 167 120 19 65 115 200" -- "85 200 126 93 19 115 46 150 196 64 32 193 15 120 22"
	"384 514 356 275 266 561 285 407 476 553 474 391 314 383 439 410 318 638 500 357" -- "457 314 356 638 266 474 384 407 476 391 275 285 561 318 514"
	"153 133 126 49 22 54 169 13 59 40 63 224 182 211 32 23 46" -- "31 211 126 40 63 22 13 59 23 46 153 169 54 32 133"
	"223 531 6 627 308 124 168 638 464 140 422 629 507 415 177 237 49 22 552 232 138 25 255 473 501 266 59 13" -- "299 552 415 507 629 422 124 308 501 627 6 237 531 223"
	"278 351 474 274 507 595 266 473 495 275 407 391 439 370 314 383 279 417 375 479 410 318" -- "582 266 274 279 314 410 318 479 439 278 474 351 495 275"
	"561 184 597 357 500 279 514 473 285 476 266 407 196 474 638 383 314 173 439 391 275 319 413 410 553 318 351" -- "80 318 279 439 351 266 473 561 638 275 413 553 196 173"
	"15 22 32 173 126 196 150 64 176 263 63 224 46 93 208 54 7 193 167 120 19 65 115 200" -- "55 120 263 167 200 65 15 176 115 64 63 150 173 7"
	"612 410 516 508 370 327 419 547 501 383 613 415 500 629 445 335 464 303" -- "513 383 516 612 508 303 464 547 410 445 335 415 327"
	"233 154 570 193 9 169 263 255 159 65 133 182 190 40 224 63 155 59 151 46 422 23 168 32 30 124 47 22" -- "71 233 159 182 169 151 40 155 133 23 47 32 22"
	"495 417 370 351 474 279 507 274 407 266 595 501 439 627 638 275 473 328 375 410 318 479 161 391 383 314 476 508" -- "379 266 161 507 439 508 328 627 495 318 410 476 383"
	"285 490 630 47 196 419 184 415 308 552 629 531 357 500 439 279 514 383 351 464 417 319 413 507 328 638 474 597 275 173 314 410 501 407 266 595 570 476 335 473 391 479 318" -- "315 417 351 335 473 319 474 507 383 314 391 285 318"
	"74 25 263 3 208 196 159 182 165 19 88 30 7 76 64" -- "84 159 263 208 19 88 64 3 25 30 7 74"
	"303 275 279 638 47 630 439 318 357 391 419 508 383 613 629 159 124 547 500 507 319 335 6 422 516 415 490 255 531 464 41 370 308 552 595 266 407 501 479 410" -- "463 629 501 6 303 319 500 159 613 547 415 41"
	"397 476 473 500 638 274 328 375 490 319 407 595 196 474 514 439 627 410 479 318 370 597 275 391 383 314" -- "565 597 490 391 383 328 274 318 397 375 638 275"
	"516 140 168 167 115 13 174 184 190 552 6 266 627 161 474 23 473 570 196 415 124 25 40 59 54 151 507 22 531 638 422 255 47 629 500 159 501 370 173 464 138 630 211 308" -- "62 54 516 22 151 59 40 23 25 630 124 47"
	"70 168 124 32 190 22 47 177 13 174 255 232 140 49 138 23 115" -- "265 255 232 23 70 47 177 190 168 32 124 22"
	"409 417 319 597 476 407 335 328 464 439 531 514 629 552 318 479 501 285 308 507 415" -- "423 328 335 507 407 476 597 409 319 417 318 285"
	"64 211 76 193 133 63 40 30 49 154 224 9 150 200 54 263 167 120 182 370 208 155 196 174 165 115 184 93 46 25 19 253 159 65 126 173 32 22" -- "11 25 155 40 63 64 133 65 196 200 46 22"
	"349 159 335 275 419 637 490 318 479 547 507 415 308 319 279 629" -- "591 275 279 349 419 507 479 318 637 490 335 159"
	"353 319 595 383 500 196 474 397 514 391 410 318 370 439 275 473 476 407" -- "512 353 439 370 500 383 595 319 318 410 476 391"
	"57 415 474 266 59 263 167 184 115 161 500 224 63 49 22 76 168 140 255 25 32" -- "39 474 266 57 76 184 161 415 500 63 140 49"
	"166 613 552 638 637 422 629 255 501 490 358 47 415 124 630" -- "376 638 629 552 422 613 415 358 166 630 124"
	"169 168 190 49 570 255 47 151 19 54 32 126 59 263 196 182 133 422 46 211 23 115 159 65 224 155 40 63 124 30 22 9 154 13 193" -- "186 54 155 19 63 224 169 59 46 40 22"
	"639 357 445 41 415 335 391 407 531 439 508 464 410 318 327 419" -- "309 419 639 439 41 327 415 531 410 445 357"
	"176 40 174 76 155 193 115 200 30 49 154 22 54 93 46 120 167 64 25 182 370 224 63 263 32 173 126 208 19 159 253 65 165 211 9 150 196" -- "188 120 370 64 224 253 22 176 154 49 30"
	"31 211 126 40 63 22 13 59 23 46 153 169 54 32 133" -- "197 63 22 31 153 59 169 126 133 211 13"
	"490 174 190 6 184 161 370 627 196 474 266 173 464 630 500 516 13 115 159 473 570 138 308 211 124 415 167 47 629 168 638 140 422 531 507 552 255 501" -- "67 115 168 638 490 138 415 140 13 629 167"
	"3 155 76 25 182 370 120 167 46 165 150 9 224 30 7 64 200 263 196 174 208 19 65 159 176" -- "205 224 9 176 165 208 46 167 370 150 3"
	"57 415 474 266 59 263 167 184 115 161 500 224 63 49 22 76 168 140 255 25 32" -- "236 140 224 161 115 168 167 57 32 22"
	"165 6 151 47 184 133 22 174 59 200 155 76 30 19 196 263 25 54 253 159 65 154 9 161 255 182 370 232 23 211 237 49 190 167 173 32 126 93 46 115 224 63 40 193" -- "121 232 182 165 154 126 115 65 54 32"
	"303 275 279 638 47 630 439 318 357 391 419 508 383 613 629 159 124 547 500 507 319 335 6 422 516 415 490 255 531 464 41 370 308 552 595 266 407 501 479 410" -- "580 547 516 507 501 303 490 531 410 255"
	"356 357 553 514 474 266 500 638 318 410 319 597 275 476 407 314 383 184 391 439 561 285 351" -- "368 184 597 391 356 318 351 407 319 275"
	"85 200 126 93 19 115 46 150 196 64 32 193 15 120 22" -- "118 85 19 150 196 115 93 126 200 46"
	"55 120 263 167 200 65 15 176 115 64 63 150 173 7" -- "83 55 115 64 173 200 263 120 150 7"
	"285 490 630 47 196 419 184 415 308 552 629 531 357 500 439 279 514 383 351 464 417 319 413 507 328 638 474 597 275 173 314 410 501 407 266 595 570 476 335 473 391 479 318" -- "494 410 595 407 335 285 318 479 413 391"
	"265 255 232 23 70 47 177 190 168 32 124 22" -- "254 255 190 70 265 232 177 32 22"
	"417 413 357 184 516 419 630 629 47 597 500 196 314 508 507 410 275 318 415 308 479 552 473 570 279 514 531 627 439 464 173 319 335 476 161 490 328 266 595 501 407 391 383 474 638 370" -- "431 570 507 490 318 417 638 319 473"
	"437 464 413 473 266 308 318 638 415 553 490 328 383 357 462 439 279" -- "621 553 638 473 462 437 413 464 279"
	"16 32 124 22 54 49 177 140 255 115 253 65 173 196 63 151 167 237 168 47" -- "152 237 151 63 124 47 32 22 16"
	"16 32 124 22 54 49 177 140 255 115 253 65 173 196 63 151 167 237 168 47" -- "145 255 177 140 16 49 115 54 22"
	"379 266 161 507 439 508 328 627 495 318 410 476 383" -- "566 495 476 410 379 383 439 318 266"
	"84 159 263 208 19 88 64 3 25 30 7 74" -- "60 3 64 263 159 88 7 84 74"
	"80 318 279 439 351 266 473 561 638 275 413 553 196 173" -- "537 413 473 275 561 80 553 318 266"
	"457 314 356 638 266 474 384 407 476 391 275 285 561 318 514" -- "480 638 407 356 457 391 314 318 285"
	"462 357 383 328 490 279 464 638 308 630 473 501 266 415 318 553 47 391 439 570 419 474 413 275" -- "599 419 462 439 501 47 630 570 266"
	"278 351 474 274 507 595 266 473 495 275 407 391 439 370 314 383 279 417 375 479 410 318" -- "416 473 417 391 507 375 370 278"
	"513 383 516 612 508 303 464 547 410 445 335 415 327" -- "386 516 327 415 410 612 513 383"
	"423 328 335 507 407 476 597 409 319 417 318 285" -- "468 476 319 407 335 423 328 318"
	"397 476 473 500 638 274 328 375 490 319 407 595 196 474 514 439 627 410 479 318 370 597 275 391 383 314" -- "344 318 439 595 397 479 391 275"
	"200 255 161 6 151 184 370 182 224 155 19 47 190 237 49 76 138 232 167 25 40 196 174 9 263 23 211 154 133 193 30 124 63 59 140 46 32 173 126 22 253 159 65 54 115" -- "21 211 200 76 49 25 47 140"
	"236 140 224 161 115 168 167 57 32 22" -- "157 224 140 236 115 57 32 22"
	"315 417 351 335 473 319 474 507 383 314 391 285 318" -- "340 473 474 351 417 383 391 315"
	"285 490 630 47 196 419 184 415 308 552 629 531 357 500 439 279 514 383 351 464 417 319 413 507 328 638 474 597 275 173 314 410 501 407 266 595 570 476 335 473 391 479 318" -- "550 476 638 407 391 328 318 285"
	"199 65 255 263 233 9 193 40 155 224 169 570 133 30 154 22" -- "8 570 255 224 199 155 65 40"
	"582 266 274 279 314 410 318 479 439 278 474 351 495 275" -- "600 410 495 439 582 318 274 266"
	"384 514 356 275 266 561 285 407 476 553 474 391 314 383 439 410 318 638 500 357" -- "578 275 356 410 318 439 384 383"
	"409 417 319 597 476 407 335 328 464 439 531 514 629 552 318 479 501 285 308 507 415" -- "549 514 531 318 439 464 409 308"
	"457 314 356 638 266 474 384 407 476 391 275 285 561 318 514" -- "272 476 457 474 285 318 384 266"
	"613 275 138 279 439 531 318 357 383 419 508 410 47 308 464 370 629 159 507 413 319 500 124 595 266 407 501 630 638 415 255 490 552 391 479 516 422 335 6 190" -- "179 422 479 391 413 490 613 415"
	"479 184 190 6 255 630 161 627 196 638 138 531 159 474 516 422 383 570 279 473 507 410 308 275 407 266 501 500 552 391 439 173 464 370 124 415 318 47 629 490" -- "616 479 507 383 318 439 370 275"
	"70 168 124 32 190 22 47 177 13 174 255 232 140 49 138 23 115" -- "222 13 255 70 138 23 22"
	"200 255 161 6 151 184 370 182 224 155 19 47 190 237 49 76 138 232 167 25 40 196 174 9 263 23 211 154 133 193 30 124 63 59 140 46 32 173 126 22 253 159 65 54 115" -- "141 232 193 211 200 140 59"
	"67 115 168 638 490 138 415 140 13 629 167" -- "128 168 140 115 67 167 13"
	"15 22 32 173 126 196 150 64 176 263 63 224 46 93 208 54 7 193 167 120 19 65 115 200" -- "52 263 32 54 115 15 7"
	"512 353 439 370 500 383 595 319 318 410 476 391" -- "444 500 512 391 370 353 318"
	"495 417 370 351 474 279 507 274 407 266 595 501 439 627 638 275 473 328 375 410 318 479 161 391 383 314 476 508" -- "496 638 495 627 501 508 318"
	"9 138 232 161 140 237 184 13 115 47 168 54 151 49 190 19 25 173 76 154 124 224 30 133 182 570 155 40 263 159 65 174 6 253 59 193 126 32 23 167 255 370 63 196 211 422 46 22" -- "247 63 167 32 59 174 9"
	"55 120 263 167 200 65 15 176 115 64 63 150 173 7" -- "245 65 55 15 200 167 7"
	"60 3 64 263 159 88 7 84 74" -- "123 88 60 74 64 84 3"
	"437 464 413 473 266 308 318 638 415 553 490 328 383 357 462 439 279" -- "471 439 437 415 638 308 266"
	"154 138 161 140 237 184 173 76 174 13 196 19 54 151 63 182 570 155 40 190 49 370 159 59 253 65 115 6 263 167 23 47 255 224 32 193 232 25 124 168 211 422 46 133 22" -- "117 263 25 168 22 154 59"
	"118 85 19 150 196 115 93 126 200 46" -- "210 196 19 85 118 150 115"
	"265 255 232 23 70 47 177 190 168 32 124 22" -- "95 47 255 70 265 23 22"
	"80 318 279 439 351 266 473 561 638 275 413 553 196 173" -- "367 561 473 351 439 279 80"
	"11 25 155 40 63 64 133 65 196 200 46 22" -- "105 11 133 63 200 40 25"
	"223 531 6 627 308 124 168 638 464 140 422 629 507 415 177 237 49 22 552 232 138 25 255 473 501 266 59 13" -- "332 266 464 415 638 473 223"
	"176 40 174 76 155 193 115 200 30 49 154 22 54 93 46 120 167 64 25 182 370 224 63 263 32 173 126 208 19 159 253 65 165 211 9 150 196" -- "164 54 196 176 211 46 25"
	"383 190 552 255 422 6 138 630 184 47 629 501 407 196 173 464 161 490 159 124 318 415 279 570 473 370 474 500 391 507 638 531 627 439 516 266 308" -- "611 391 638 474 507 383 318"
	"39 474 266 57 76 184 161 415 500 63 140 49" -- "302 500 184 415 266 474 39"
	"205 224 9 176 165 208 46 167 370 150 3" -- "36 205 176 167 46 224 9"
	"353 319 595 383 500 196 474 397 514 391 410 318 370 439 275 473 476 407" -- "530 391 514 397 353 474 196"
	"208 184 133 49 40 174 200 115 193 63 22 155 76 196 54 30 25 263 253 65 159 9 150 47 154 120 167 165 182 370 224 151 19 211 23 93 46 126 173 32" -- "33 167 154 208 32 120 47"
	"67 115 168 638 490 138 415 140 13 629 167" -- "380 67 638 415 138 490 629"
	"494 410 595 407 335 285 318 479 413 391" -- "398 595 413 479 285 494 410"
	"315 417 351 335 473 319 474 507 383 314 391 285 318" -- "283 315 314 391 318 285"
	"514 516 419 630 629 47 314 508 161 490 184 318 415 479 552 328 357 507 410 597 500 570 279 473 275 501 595 407 266 638 308 627 439 531 196 474 391 370 173 464 413 319 335 476 383" -- "559 627 507 391 514 318"
	"153 133 126 49 22 54 169 13 59 40 63 224 182 211 32 23 46" -- "216 224 153 49 46 22"
	"190 167 638 501 266 25 196 151 54 63 473 6 168 232 415 124 49 140 237 255 253 59 211 23 629 47 65 115 32 507 22 40" -- "5 190 23 59 49 32"
	"197 63 22 31 153 59 169 126 133 211 13" -- "50 211 197 153 63 22"
	"512 353 439 370 500 383 595 319 318 410 476 391" -- "487 512 410 319 383 318"
	"176 40 174 76 155 193 115 200 30 49 154 22 54 93 46 120 167 64 25 182 370 224 63 263 32 173 126 208 19 159 253 65 165 211 9 150 196" -- "242 196 176 120 65 19"
	"123 88 60 74 64 84 3" -- "29 123 88 84 74 60"
	"582 266 274 279 314 410 318 479 439 278 474 351 495 275" -- "454 582 318 314 275 495"
	"637 41 308 630 547 124 47 490 255 159 629 422 638 613 279 275 501 266 595 318 410 479 319 507 415 303 335 391 552 419" -- "441 637 479 595 410 391"
	"476 516 419 630 629 47 184 318 415 308 479 552 531 357 473 570 279 275 464 173 508 490 161 500 370 627 439 335 501 595 407 266 413 410 507 319 391 383 474 196 638" -- "435 500 407 476 391 318"
	"197 63 22 31 153 59 169 126 133 211 13" -- "219 153 59 31 197 22"
	"223 531 6 627 308 124 168 638 464 140 422 629 507 415 177 237 49 22 552 232 138 25 255 473 501 266 59 13" -- "204 232 223 59 140 25"
	"88 165 25 208 76 30 7 263 46 155 196 159 182 120 64 65 19 3" -- "202 88 155 65 64 46"
	"186 54 155 19 63 224 169 59 46 40 22" -- "185 186 155 224 54 19"
	"639 357 445 41 415 335 391 407 531 439 508 464 410 318 327 419" -- "469 639 419 415 410 335"
	"62 54 516 22 151 59 40 23 25 630 124 47" -- "229 22 62 25 124 54"
	"275 190 6 531 552 422 255 138 161 627 501 630 47 629 159 474 308 500 196 370 410 507 383 464 173 570 473 279 638 439 490 407 266 124 318 415 516 184 391" -- "352 473 318 275 391 266"
	"315 417 351 335 473 319 474 507 383 314 391 285 318" -- "345 391 383 319 335 315"
	"41 275 479 383 47 630 308 318 370 464 508 391 613 124 500 507 319 357 419 638 279 138 552 422 516 159 629 415 410 595 266 407 501 255 490 335 6 531 439" -- "163 415 255 638 138 41"
	"309 419 639 439 41 327 415 531 410 445 357" -- "617 445 415 419 309 41"
	"423 328 335 507 407 476 597 409 319 417 318 285" -- "605 423 597 507 417 318"
	"616 479 507 383 318 439 370 275" -- "297 616 507 479 439 370"
	"616 479 507 383 318 439 370 275" -- "574 616 439 383 318 275"
	"600 410 495 439 582 318 274 266" -- "562 600 410 439 274 266"
	"591 275 279 349 419 507 479 318 637 490 335 159" -- "277 479 591 349 279 275"
	"537 413 473 275 561 80 553 318 266" -- "268 561 537 473 413 80"
	"335 627 161 184 196 190 6 266 422 255 629 47 630 552 516 531 318 415 124 500 159 474 490 570 473 279 479 410 507 383 275 391 638 308 501 407 138 173 464 370 439" -- "324 407 391 410 335 275"
	"597 516 419 630 629 47 508 196 464 173 507 410 500 474 357 308 479 552 531 627 439 318 415 161 490 275 413 319 328 638 279 570 473 370 391 184 335 476 595 266 501 407 383" -- "529 597 407 370 335 318"
	"33 167 154 208 32 120 47" -- "214 208 32 167 154 33"
	"599 419 462 439 501 47 630 570 266" -- "365 439 462 599 419 266"
	"188 120 370 64 224 253 22 176 154 49 30" -- "114 64 188 176 370 120"
	"205 224 9 176 165 208 46 167 370 150 3" -- "194 208 370 205 165 9"
	"445 629 613 501 407 516 383 357 41 464 370 508 531 439 415 391 303 547 500 318 410 479 419 335" -- "341 464 445 391 318"
	"55 120 263 167 200 65 15 176 115 64 63 150 173 7" -- "257 176 63 55 7"
	"437 464 413 473 266 308 318 638 415 553 490 328 383 357 462 439 279" -- "497 437 383 328 318"
	"480 638 407 356 457 391 314 318 285" -- "451 480 457 391 318"
	"410 190 6 308 184 196 422 638 474 570 473 279 627 161 370 255 507 124 415 318 391 630 531 516 159 500 490 383 407 501 266 439 138 173 464 47 629 552" -- "467 500 410 383 318"
	"95 47 255 70 265 23 22" -- "125 265 95 70 47"
	"349 159 335 275 419 637 490 318 479 547 507 415 308 319 279 629" -- "271 547 629 419 349"
	"512 353 439 370 500 383 595 319 318 410 476 391" -- "499 595 512 391 383"
	"285 490 630 47 196 419 184 415 308 552 629 531 357 500 439 279 514 383 351 464 417 319 413 507 328 638 474 597 275 173 314 410 501 407 266 595 570 476 335 473 391 479 318" -- "491 407 391 318 285"
	"383 190 552 255 422 6 138 630 184 47 629 501 407 196 173 464 161 490 159 124 318 415 279 570 473 370 474 500 391 507 638 531 627 439 516 266 308" -- "478 383 318 391 266"
	"177 59 266 501 473 507 6 531 308 167 196 629 65 253 174 13 237 49 190 54 464 124 138 232 422 140 25 161 255 23 115 151 76 638 168 415 47 627 63 552 630 173 32 22" -- "475 464 630 415 177"
	"200 255 161 6 151 184 370 182 224 155 19 47 190 237 49 76 138 232 167 25 40 196 174 9 263 23 211 154 133 193 30 124 63 59 140 46 32 173 126 22 253 159 65 54 115" -- "14 263 200 46 22"
	"454 582 318 314 275 495" -- "465 582 454 318 275"
	"177 59 266 501 473 507 6 531 308 167 196 629 65 253 174 13 237 49 190 54 464 124 138 232 422 140 25 161 255 23 115 151 76 638 168 415 47 627 63 552 630 173 32 22" -- "28 76 25 177 22"
	"155 232 161 13 124 422 174 167 370 23 173 76 115 138 193 47 54 151 133 6 253 59 255 570 22 190 140 237 49 25 184 211 196 32 63 46 224 40 159 65 263 168" -- "104 253 155 49 22"
	"57 415 474 266 59 263 167 184 115 161 500 224 63 49 22 76 168 140 255 25 32" -- "198 263 115 59 57"
	"83 55 115 64 173 200 263 120 150 7" -- "92 83 64 115 55"
	"490 174 190 6 184 161 370 627 196 474 266 173 464 630 500 516 13 115 159 473 570 138 308 211 124 415 167 47 629 168 638 140 422 531 507 552 255 501" -- "373 490 415 308 211"
	"7 174 193 224 22 155 76 165 196 30 19 208 9 150 126 32 173 167 120 65 159 64 54 263 200 370 182 25 115 93 46 176 63 40" -- "91 46 115 25 7"
	"639 357 445 41 415 335 391 407 531 439 508 464 410 318 327 419" -- "364 639 407 391 335"
	"591 275 279 349 419 507 479 318 637 490 335 159" -- "362 591 419 335 318"
	"214 208 32 167 154 33" -- "178 33 32 154 214"
	"616 479 507 383 318 439 370 275" -- "320 616 439 383 318"
	"480 638 407 356 457 391 314 318 285" -- "343 638 480 407 391"
	"578 275 356 410 318 439 384 383" -- "337 410 578 383 318"
	"410 190 6 308 184 196 422 638 474 570 473 279 627 161 370 255 507 124 415 318 391 630 531 516 159 500 490 383 407 501 266 439 138 173 464 47 629 552" -- "331 490 415 410 318"
	"335 627 161 184 196 190 6 266 422 255 629 47 630 552 516 531 318 415 124 500 159 474 490 570 473 279 479 410 507 383 275 391 638 308 501 407 138 173 464 370 439" -- "634 335 318 439 391"
	"133 161 140 237 184 174 173 76 115 168 570 255 25 40 224 253 59 6 196 49 190 23 167 370 65 159 13 54 151 63 47 232 138 422 46 211 263 124 32 22" -- "156 211 133 159 54"
	"578 275 356 410 318 439 384 383" -- "311 578 439 356 275"
	"476 516 419 630 629 47 184 318 415 308 479 552 531 357 473 570 279 275 464 173 508 490 161 500 370 627 439 335 501 595 407 266 413 410 507 319 391 383 474 196 638" -- "608 476 410 383 318"
	"275 190 6 531 552 422 255 138 161 627 501 630 47 629 159 474 308 500 196 370 410 507 383 464 173 570 473 279 638 439 490 407 266 124 318 415 516 184 391" -- "594 407 391 318 275"
	"439 190 255 422 6 184 552 407 196 161 500 138 630 501 531 266 516 308 490 474 47 629 279 473 570 159 124 318 415 173 464 370 507 391 638 627" -- "586 318 638 490 439"
	"397 476 473 500 638 274 328 375 490 319 407 595 196 474 514 439 627 410 479 318 370 597 275 391 383 314" -- "289 439 627 397 318"
	"285 490 630 47 196 419 184 415 308 552 629 531 357 500 439 279 514 383 351 464 417 319 413 507 328 638 474 597 275 173 314 410 501 407 266 595 570 476 335 473 391 479 318" -- "576 391 314 285 275"
	"353 319 595 383 500 196 474 397 514 391 410 318 370 439 275 473 476 407" -- "572 318 473 353 275"
	"375 531 629 508 196 500 570 476 410 479 514 279 314 474 351 638 415 383 370 417 319 507 630 328 516 161 490 391 627 439 501 407 595 266 473 597 275 318 357" -- "280 516 630 415 375"
	"318 190 422 255 124 552 196 161 308 531 501 474 173 370 500 415 490 464 407 630 184 266 47 638 138 629 627 570 159 507 6 473 279 516" -- "556 407 638 473 318"
	"150 151 47 133 23 211 154 174 30 25 76 155 193 63 182 370 165 9 224 46 93 263 49 237 22 173 32 126 167 184 161 115 200 59 40 19 253 159 65 54 196 6" -- "68 167 150 115 59"
	"368 184 597 391 356 318 351 407 319 275" -- "273 597 368 318 184"
	"549 514 531 318 439 464 409 308" -- "523 549 514 464 318"
	"275 190 6 531 552 422 255 138 161 627 501 630 47 629 159 474 308 500 196 370 410 507 383 464 173 570 473 279 638 439 490 407 266 124 318 415 516 184 391" -- "643 407 391 318 275"
	"380 67 638 415 138 490 629" -- "259 415 380 138 67"
	"398 595 413 479 285 494 410" -- "626 398 494 595 285"
	"118 85 19 150 196 115 93 126 200 46" -- "258 200 196 118"
	"3 155 76 25 182 370 120 167 46 165 150 9 224 30 7 64 200 263 196 174 208 19 65 159 176" -- "78 200 174 3"
	"39 474 266 57 76 184 161 415 500 63 140 49" -- "44 76 57 39"
	"530 391 514 397 353 474 196" -- "339 530 397 391"
	"365 439 462 599 419 266" -- "298 462 439 365"
	"222 13 255 70 138 23 22" -- "149 222 255 70"
	"379 266 161 507 439 508 328 627 495 318 410 476 383" -- "175 507 379 161"
	"200 255 161 6 151 184 370 182 224 155 19 47 190 237 49 76 138 232 167 25 40 196 174 9 263 23 211 154 133 193 30 124 63 59 140 46 32 173 126 22 253 159 65 54 115" -- "34 200 115 46"
	"83 55 115 64 173 200 263 120 150 7" -- "53 83 173 150"
	"550 476 638 407 391 328 318 285" -- "614 550 638 318"
	"36 205 176 167 46 224 9" -- "506 205 167 36"
	"614 550 638 318" -- "505 614 550 318"
	"155 232 161 13 124 422 174 167 370 23 173 76 115 138 193 47 54 151 133 6 253 59 255 570 22 190 140 237 49 25 184 211 196 32 63 46 224 40 159 65 263 168" -- "250 32 155 25"
	"410 190 6 308 184 196 422 638 474 570 473 279 627 161 370 255 507 124 415 318 391 630 531 516 159 500 490 383 407 501 266 439 138 173 464 47 629 552" -- "492 439 410 318"
	"537 413 473 275 561 80 553 318 266" -- "484 553 537 275"
	"224 232 47 422 159 174 196 25 173 76 184 474 138 161 370 263 255 570 22 266 168 167 63 13 59 253 65 54 151 140 237 190 49 115 211 23 40 415 124 32 500 6" -- "243 263 224 115"
	"398 595 413 479 285 494 410" -- "482 479 413 398"
	"222 13 255 70 138 23 22" -- "238 255 222 13"
	"457 314 356 638 266 474 384 407 476 391 275 285 561 318 514" -- "466 457 391 318"
	"572 318 473 353 275" -- "460 572 473 318"
	"298 462 439 365" -- "459 462 439 298"
	"608 476 410 383 318" -- "456 476 608 318"
	"383 190 552 255 422 6 138 630 184 47 629 501 407 196 173 464 161 490 159 124 318 415 279 570 473 370 474 500 391 507 638 531 627 439 516 266 308" -- "450 391 383 318"
	"15 22 32 173 126 196 150 64 176 263 63 224 46 93 208 54 7 193 167 120 19 65 115 200" -- "113 263 32 15"
	"275 190 6 531 552 422 255 138 161 627 501 630 47 629 159 474 308 500 196 370 410 507 383 464 173 570 473 279 638 439 490 407 266 124 318 415 516 184 391" -- "443 391 318 275"
	"595 184 190 173 464 6 531 552 516 419 47 629 159 630 508 500 255 161 490 638 422 474 410 507 413 319 415 318 124 570 473 279 335 501 266 407 308 479 391 196 138 370 627 439 275 383" -- "442 595 391 318"
	"178 33 32 154 214" -- "24 154 178 33"
	"176 40 174 76 155 193 115 200 30 49 154 22 54 93 46 120 167 64 25 182 370 224 63 263 32 173 126 208 19 159 253 65 165 211 9 150 196" -- "212 208 176 120"
	"479 184 190 6 255 630 161 627 196 638 138 531 159 474 516 422 383 570 279 473 507 410 308 275 407 266 501 500 552 391 439 173 464 370 124 415 318 47 629 490" -- "412 479 415 391"
	"391 190 6 552 255 161 159 629 47 501 630 308 531 138 184 516 490 422 370 196 474 500 507 627 570 473 279 266 173 464 124 415 318 407 638" -- "406 391 318 279"
	"315 417 351 335 473 319 474 507 383 314 391 285 318" -- "404 391 383 315"
	"83 55 115 64 173 200 263 120 150 7" -- "201 200 150 83"
	"586 318 638 490 439" -- "396 586 439 318"
	"341 464 445 391 318" -- "395 391 341 318"
	"547 357 391 47 630 638 552 279 479 308 275 508 383 613 629 159 124 500 507 319 595 266 407 501 422 516 255 490 419 531 439 318 410 415 370 41 464 335 6" -- "389 629 547 318"
	"114 64 188 176 370 120" -- "195 188 114 64"
	"611 391 638 474 507 383 318" -- "387 611 391 318"
	"612 410 516 508 370 327 419 547 501 383 613 415 500 629 445 335 464 303" -- "385 612 370 335"
	"303 275 279 638 47 630 439 318 357 391 419 508 383 613 629 159 124 547 500 507 319 335 6 422 516 415 490 255 531 464 41 370 308 552 595 266 407 501 479 410" -- "378 479 415 303"
	"457 314 356 638 266 474 384 407 476 391 275 285 561 318 514" -- "369 457 407 275"
	"283 315 314 391 318 285" -- "366 391 318 283"
	"410 190 6 308 184 196 422 638 474 570 473 279 627 161 370 255 507 124 415 318 391 630 531 516 159 500 490 383 407 501 266 439 138 173 464 47 629 552" -- "360 630 410 318"
	"512 353 439 370 500 383 595 319 318 410 476 391" -- "359 512 319 318"
	"274 196 500 417 370 473 319 507 351 474 514 279 638 375 328 314 383 391 275 597 161 490 629 476 570 508 627 439 531 410 318 479 501 407 595 266" -- "338 531 508 274"
	"53 83 173 150" -- "170 150 83 53"
	"272 476 457 474 285 318 384 266" -- "418 285 476 272"
	"64 211 76 193 133 63 40 30 49 154 224 9 150 200 54 263 167 120 182 370 208 155 196 174 165 115 184 93 46 25 19 253 159 65 126 173 32 22" -- "636 155 184 64"
	"149 222 255 70" -- "38 222 149 70"
	"275 190 6 531 552 422 255 138 161 627 501 630 47 629 159 474 308 500 196 370 410 507 383 464 173 570 473 279 638 439 490 407 266 124 318 415 516 184 391" -- "633 391 318 275"
	"468 476 319 407 335 423 328 318" -- "632 319 468 318"
	"605 423 597 507 417 318" -- "620 605 423 318"
	"275 190 6 531 552 422 255 138 161 627 501 630 47 629 159 474 308 500 196 370 410 507 383 464 173 570 473 279 638 439 490 407 266 124 318 415 516 184 391" -- "619 391 318 275"
	"391 190 6 552 255 161 159 629 47 501 630 308 531 138 184 516 490 422 370 196 474 500 507 627 570 473 279 266 173 464 124 415 318 407 638" -- "618 391 638 318"
	"439 190 255 422 6 184 552 407 196 161 500 138 630 501 531 266 516 308 490 474 47 629 279 473 570 159 124 318 415 173 464 370 507 391 638 627" -- "615 638 474 439"
	"278 351 474 274 507 595 266 473 495 275 407 391 439 370 314 383 279 417 375 479 410 318" -- "610 391 318 278"
	"273 597 368 318 184" -- "304 318 273 184"
	"479 184 190 6 255 630 161 627 196 638 138 531 159 474 516 422 383 570 279 473 507 410 308 275 407 266 501 500 552 391 439 173 464 370 124 415 318 47 629 490" -- "607 479 318 266"
	"275 190 6 531 552 422 255 138 161 627 501 630 47 629 159 474 308 500 196 370 410 507 383 464 173 570 473 279 638 439 490 407 266 124 318 415 516 184 391" -- "606 391 318 275"
	"626 398 494 595 285" -- "301 626 494 398"
	"391 190 6 552 255 161 159 629 47 501 630 308 531 138 184 516 490 422 370 196 474 500 507 627 570 473 279 266 173 464 124 415 318 407 638" -- "288 391 638 318"
	"634 335 318 439 391" -- "571 634 335 318"
	"561 184 597 357 500 279 514 473 285 476 266 407 196 474 638 383 314 173 439 391 275 319 413 410 553 318 351" -- "568 561 413 318"
	"272 476 457 474 285 318 384 266" -- "554 318 457 272"
	"194 208 370 205 165 9" -- "2 208 370 194"
	"179 422 479 391 413 490 613 415" -- "548 391 479 179"
	"444 500 512 391 370 353 318" -- "545 512 444 391"
	"275 190 6 531 552 422 255 138 161 627 501 630 47 629 159 474 308 500 196 370 410 507 383 464 173 570 473 279 638 439 490 407 266 124 318 415 516 184 391" -- "267 407 391 275"
	"413 627 161 190 6 552 255 159 47 629 531 410 507 500 474 184 516 630 383 308 464 173 196 279 473 570 335 275 501 407 266 422 479 138 124 415 318 638 391 490 439 370" -- "526 413 410 266"
	"283 315 314 391 318 285" -- "642 283 391 315"
	"64 211 76 193 133 63 40 30 49 154 224 9 150 200 54 263 167 120 182 370 208 155 196 174 165 115 184 93 46 25 19 253 159 65 126 173 32 22" -- "171 196 64"
	"572 318 473 353 275" -- "592 572 275"
	"2 208 370 194" -- "77 208 2"
	"469 639 419 415 410 335" -- "414 639 469"
	"275 190 6 531 552 422 255 138 161 627 501 630 47 629 159 474 308 500 196 370 410 507 383 464 173 570 473 279 638 439 490 407 266 124 318 415 516 184 391" -- "543 318 275"
	"257 176 63 55 7" -- "230 257 55"
	"467 500 410 383 318" -- "625 500 467"
	"639 357 445 41 415 335 391 407 531 439 508 464 410 318 327 419" -- "269 639 508"
	"258 200 196 118" -- "256 200 258"
	"2 208 370 194" -- "106 370 2"
	"634 335 318 439 391" -- "509 634 318"
	"105 11 133 63 200 40 25" -- "252 105 11"
	"391 190 6 552 255 161 159 629 47 501 630 308 531 138 184 516 490 422 370 196 474 500 507 627 570 473 279 266 173 464 124 415 318 407 638" -- "504 391 318"
	"391 190 6 552 255 161 159 629 47 501 630 308 531 138 184 516 490 422 370 196 474 500 507 627 570 473 279 266 173 464 124 415 318 407 638" -- "502 391 318"
	"275 190 6 531 552 422 255 138 161 627 501 630 47 629 159 474 308 500 196 370 410 507 383 464 173 570 473 279 638 439 490 407 266 124 318 415 516 184 391" -- "498 318 275"
	"31 211 126 40 63 22 13 59 23 46 153 169 54 32 133" -- "61 54 31"
	"164 54 196 176 211 46 25" -- "160 164 54"
	"46 138 232 161 140 237 184 47 124 422 255 174 159 13 211 196 370 49 25 76 173 263 190 570 22 168 167 23 115 59 253 65 63 40 32 54 151 6 224" -- "246 173 46"
	"275 190 6 531 552 422 255 138 161 627 501 630 47 629 159 474 308 500 196 370 410 507 383 464 173 570 473 279 638 439 490 407 266 124 318 415 516 184 391" -- "489 318 275"
	"391 190 6 552 255 161 159 629 47 501 630 308 531 138 184 516 490 422 370 196 474 500 507 627 570 473 279 266 173 464 124 415 318 407 638" -- "486 407 391"
	"274 196 500 417 370 473 319 507 351 474 514 279 638 375 328 314 383 391 275 597 161 490 629 476 570 508 627 439 531 410 318 479 501 407 595 266" -- "485 318 274"
	"49 638 196 65 40 255 59 629 115 63 415 22 32" -- "122 49 22"
	"236 140 224 161 115 168 167 57 32 22" -- "241 236 22"
	"175 507 379 161" -- "239 507 175"
	"229 22 62 25 124 54" -- "116 229 22"
	"543 318 275" -- "470 543 318"
	"223 531 6 627 308 124 168 638 464 140 422 629 507 415 177 237 49 22 552 232 138 25 255 473 501 266 59 13" -- "228 255 223"
	"64 211 76 193 133 63 40 30 49 154 224 9 150 200 54 263 167 120 182 370 208 155 196 174 165 115 184 93 46 25 19 253 159 65 126 173 32 22" -- "227 208 64"
	"283 315 314 391 318 285" -- "452 318 283"
	"85 200 126 93 19 115 46 150 196 64 32 193 15 120 22" -- "225 85 46"
	"49 638 196 65 40 255 59 629 115 63 415 22 32" -- "56 22 49"
	"497 437 383 328 318" -- "446 497 318"
	"56 22 49" -- "221 56 22"
	"140 40 501 473 196 415 124 266 65 59 253 47 629 151 63 32 23 211 25 167 115 255 237 49 507 22 638 168" -- "220 140 49"
	"74 25 263 3 208 196 159 182 165 19 88 30 7 76 64" -- "26 88 74"
	"71 233 159 182 169 151 40 155 133 23 47 32 22" -- "218 71 40"
	"303 275 279 638 47 630 439 318 357 391 419 508 383 613 629 159 124 547 500 507 319 335 6 422 516 415 490 255 531 464 41 370 308 552 595 266 407 501 479 410" -- "436 370 303"
	"205 224 9 176 165 208 46 167 370 150 3" -- "108 205 150"
	"391 190 6 552 255 161 159 629 47 501 630 308 531 138 184 516 490 422 370 196 474 500 507 627 570 473 279 266 173 464 124 415 318 407 638" -- "433 391 318"
	"597 516 419 630 629 47 508 196 464 173 507 410 500 474 357 308 479 552 531 627 439 318 415 161 490 275 413 319 328 638 279 570 473 370 391 184 335 476 595 266 501 407 383" -- "428 597 318"
	"275 190 6 531 552 422 255 138 161 627 501 630 47 629 159 474 308 500 196 370 410 507 383 464 173 570 473 279 638 439 490 407 266 124 318 415 516 184 391" -- "427 318 275"
	"275 190 6 531 552 422 255 138 161 627 501 630 47 629 159 474 308 500 196 370 410 507 383 464 173 570 473 279 638 439 490 407 266 124 318 415 516 184 391" -- "421 407 275"
	"328 184 196 500 474 516 419 629 47 630 479 552 570 473 279 357 308 507 410 508 275 318 415 370 173 464 413 319 638 391 531 476 335 595 501 407 266 439 627 161 490 383" -- "420 328 266"
	"193 138 161 184 13 49 25 422 570 151 54 370 255 196 211 232 190 140 237 224 263 47 133 167 23 174 6 253 59 115 46 63 40 168 124 159 65 76 173 32 22" -- "107 193 46"
	"274 196 500 417 370 473 319 507 351 474 514 279 638 375 328 314 383 391 275 597 161 490 629 476 570 508 627 439 531 410 318 479 501 407 595 266" -- "207 439 274"
	"407 190 255 422 6 630 161 627 490 159 211 308 552 47 629 531 124 415 196 474 501 266 507 500 173 464 138 370 174 638 516 184 570 473" -- "206 407 174"
	"479 184 190 6 255 630 161 627 196 638 138 531 159 474 516 422 383 570 279 473 507 410 308 275 407 266 501 500 552 391 439 173 464 370 124 415 318 47 629 490" -- "408 479 391"
	"54 638 501 266 168 629 47 151 473 140 237 49 63 255 115 32 415 124 59 253 65 23 211 167 507 22 40 25 196" -- "101 196 54"
	"582 266 274 279 314 410 318 479 439 278 474 351 495 275" -- "405 582 479"
	"49 638 196 65 40 255 59 629 115 63 415 22 32" -- "51 49 22"
	"561 184 597 357 500 279 514 473 285 476 266 407 196 474 638 383 314 173 439 391 275 319 413 410 553 318 351" -- "402 638 561"
	"391 190 6 552 255 161 159 629 47 501 630 308 531 138 184 516 490 422 370 196 474 500 507 627 570 473 279 266 173 464 124 415 318 407 638" -- "400 391 318"
	"216 224 153 49 46 22" -- "98 216 49"
	"568 561 413 318" -- "392 568 413"
	"642 283 391 315" -- "393 642 283"
	"176 40 174 76 155 193 115 200 30 49 154 22 54 93 46 120 167 64 25 182 370 224 63 263 32 173 126 208 19 159 253 65 165 211 9 150 196" -- "12 176 120"
	"479 184 190 6 255 630 161 627 196 638 138 531 159 474 516 422 383 570 279 473 507 410 308 275 407 266 501 500 552 391 439 173 464 370 124 415 318 47 629 490" -- "381 479 318"
	"451 480 457 391 318" -- "374 451 318"
	"39 474 266 57 76 184 161 415 500 63 140 49" -- "183 63 39"
	"16 32 124 22 54 49 177 140 255 115 253 65 173 196 63 151 167 237 168 47" -- "180 196 16"
	"118 85 19 150 196 115 93 126 200 46" -- "45 150 118"
	"150 151 47 133 23 211 154 174 30 25 76 155 193 63 182 370 165 9 224 46 93 263 49 237 22 173 32 126 167 184 161 115 200 59 40 19 253 159 65 54 196 6" -- "217 150"
	"217 150" -- "20 217 150"
	"34 200 115 46" -- "43 46 34"
	"391 190 6 552 255 161 159 629 47 501 630 308 531 138 184 516 490 422 370 196 474 500 507 627 570 473 279 266 173 464 124 415 318 407 638" -- "336 407 391"
	"423 328 335 507 407 476 597 409 319 417 318 285" -- "330 423 318"
	"53 83 173 150" -- "82 150 53"
	"423 328 335 507 407 476 597 409 319 417 318 285" -- "326 423 318"
	"95 47 255 70 265 23 22" -- "129 95 22"
	"500 65 232 151 54 40 23 190 552 422 211 630 32 25 255 168 115 167 253 59 473 464 47 629 49 237 140 63 501 266 638 124 415 507 22 6 196" -- "628 638 500"
	"383 190 552 255 422 6 138 630 184 47 629 501 407 196 173 464 161 490 159 124 318 415 279 570 473 370 474 500 391 507 638 531 627 439 516 266 308" -- "313 439 383"
	"277 479 591 349 279 275" -- "310 591 277"
	"318 190 422 255 124 552 196 161 308 531 501 474 173 370 500 415 490 464 407 630 184 266 47 638 138 629 627 570 159 507 6 473 279 516" -- "307 318 629"
	"625 500 467" -- "609 625 467"
	"269 639 508" -- "306 508 269"
	"340 473 474 351 417 383 391 315" -- "603 473 340"
	"568 561 413 318" -- "300 568 561"
	"423 328 335 507 407 476 597 409 319 417 318 285" -- "593 423 318"
	"275 190 6 531 552 422 255 138 161 627 501 630 47 629 159 474 308 500 196 370 410 507 383 464 173 570 473 279 638 439 490 407 266 124 318 415 516 184 391" -- "295 391 275"
	"85 200 126 93 19 115 46 150 196 64 32 193 15 120 22" -- "147 85 64"
	"418 285 476 272" -- "589 418 285"
	"582 266 274 279 314 410 318 479 439 278 474 351 495 275" -- "588 582 279"
	"335 627 161 184 196 190 6 266 422 255 629 47 630 552 516 531 318 415 124 500 159 474 490 570 473 279 479 410 507 383 275 391 638 308 501 407 138 173 464 370 439" -- "294 439 335"
	"625 500 467" -- "585 625 500"
	"391 190 6 552 255 161 159 629 47 501 630 308 531 138 184 516 490 422 370 196 474 500 507 627 570 473 279 266 173 464 124 415 318 407 638" -- "584 391 318"
	"256 200 258" -- "72 256 200"
	"391 190 6 552 255 161 159 629 47 501 630 308 531 138 184 516 490 422 370 196 474 500 507 627 570 473 279 266 173 464 124 415 318 407 638" -- "583 391 266"
	"508 184 190 413 552 308 255 422 6 629 47 630 500 196 570 279 473 275 474 479 159 516 391 370 138 173 464 383 335 319 410 507 490 161 318 415 124 407 266 501 439 627 531 638" -- "577 627 508"
	"383 190 552 255 422 6 138 630 184 47 629 501 407 196 173 464 161 490 159 124 318 415 279 570 473 370 474 500 391 507 638 531 627 439 516 266 308" -- "569 391 383"
	"591 275 279 349 419 507 479 318 637 490 335 159" -- "284 591 335"
	"303 275 279 638 47 630 439 318 357 391 419 508 383 613 629 159 124 547 500 507 319 335 6 422 516 415 490 255 531 464 41 370 308 552 595 266 407 501 479 410" -- "282 547 303"
	"25 501 638 255 266 65 629 47 168 40 63 124 415 196 59 32 23 211 115 22 151 49 167" -- "139 115 25"
	"125 265 95 70 47" -- "69 125 70"
	"391 190 6 552 255 161 159 629 47 501 630 308 531 138 184 516 490 422 370 196 474 500 507 627 570 473 279 266 173 464 124 415 318 407 638" -- "551 391 318"
	"256 200 258" -- "136 258 256"
	"391 190 6 552 255 161 159 629 47 501 630 308 531 138 184 516 490 422 370 196 474 500 507 627 570 473 279 266 173 464 124 415 318 407 638" -- "540 391 318"
	"391 190 6 552 255 161 159 629 47 501 630 308 531 138 184 516 490 422 370 196 474 500 507 627 570 473 279 266 173 464 124 415 318 407 638" -- "534 391 318"
	"383 190 552 255 422 6 138 630 184 47 629 501 407 196 173 464 161 490 159 124 318 415 279 570 473 370 474 500 391 507 638 531 627 439 516 266 308" -- "532 391 383"
	"391 190 6 552 255 161 159 629 47 501 630 308 531 138 184 516 490 422 370 196 474 500 507 627 570 473 279 266 173 464 124 415 318 407 638" -- "528 391 318"
	"513 383 516 612 508 303 464 547 410 445 335 415 327" -- "527 513 410"
	"445 629 613 501 407 516 383 357 41 464 370 508 531 439 415 391 303 547 500 318 410 479 419 335" -- "525 500 445"
	"303 275 279 638 47 630 439 318 357 391 419 508 383 613 629 159 124 547 500 507 319 335 6 422 516 415 490 255 531 464 41 370 308 552 595 266 407 501 479 410" -- "524 552 303"
	"307 318 629" -- "521 318 307"
	"115 415 32 22" -- "172 115"
	"172 115" -- "192 172"
	"78 200 174 3" -- "132 78"
	"272 476 457 474 285 318 384 266" -- "579 272"
	"258 200 196 118" -- "215 258"
	"230 257 55" -- "97 230"
	"318 190 422 255 124 552 196 161 308 531 501 474 173 370 500 415 490 464 407 630 184 266 47 638 138 629 627 570 159 507 6 473 279 516" -- "558 318"
	"50 211 197 153 63 22" -- "189 50"
	"63 638 255 65 59 115 415 32 22" -- "75 63"
	"80 318 279 439 351 266 473 561 638 275 413 553 196 173" -- "234 80"
	"196 629 59 255 415 22 40 65 115 32 63 638" -- "102 196"
	"274 196 500 417 370 473 319 507 351 474 514 279 638 375 328 314 383 391 275 597 161 490 629 476 570 508 627 439 531 410 318 479 501 407 595 266" -- "536 274"
	"318 190 422 255 124 552 196 161 308 531 501 474 173 370 500 415 490 464 407 630 184 266 47 638 138 629 627 570 159 507 6 473 279 516" -- "511 318"
	"476 516 419 630 629 47 184 318 415 308 479 552 531 357 473 570 279 275 464 173 508 490 161 500 370 627 439 335 501 595 407 266 413 410 507 319 391 383 474 196 638" -- "510 476"
	"161 552 422 232 65 40 6 190 211 54 151 630 47 629 196 570 473 253 59 22 507 23 49 63 501 266 32 500 124 415 115 167 255 25 237 140 638 168 464" -- "503 161"
	"175 507 379 161" -- "251 175"
	"44 76 57 39" -- "249 44"
	"173 627 422 232 552 161 501 630 308 211 40 159 464 76 174 474 500 629 47 54 151 255 140 237 49 415 124 25 168 638 570 473 266 63 370 507 22 23 167 196 115 190 531 32 59 253 65 6" -- "248 173"
	"285 490 630 47 196 419 184 415 308 552 629 531 357 500 439 279 514 383 351 464 417 319 413 507 328 638 474 597 275 173 314 410 501 407 266 595 570 476 335 473 391 479 318" -- "493 285"
	"318 190 422 255 124 552 196 161 308 531 501 474 173 370 500 415 490 464 407 630 184 266 47 638 138 629 627 570 159 507 6 473 279 516" -- "488 318"
	"192 172" -- "244 192"
	"318 190 422 255 124 552 196 161 308 531 501 474 173 370 500 415 490 464 407 630 184 266 47 638 138 629 627 570 159 507 6 473 279 516" -- "483 318"
	"318 190 422 255 124 552 196 161 308 531 501 474 173 370 500 415 490 464 407 630 184 266 47 638 138 629 627 570 159 507 6 473 279 516" -- "481 318"
	"132 78" -- "240 132"
	"128 168 140 115 67 167 13" -- "127 128"
	"579 272" -- "477 579"
	"595 184 190 173 464 6 531 552 516 419 47 629 159 630 508 500 255 161 490 638 422 474 410 507 413 319 415 318 124 570 473 279 335 501 266 407 308 479 391 196 138 370 627 439 275 383" -- "472 595"
	"78 200 174 3" -- "235 78"
	"215 258" -- "119 215"
	"318 190 422 255 124 552 196 161 308 531 501 474 173 370 500 415 490 464 407 630 184 266 47 638 138 629 627 570 159 507 6 473 279 516" -- "461 318"
	"274 196 500 417 370 473 319 507 351 474 514 279 638 375 328 314 383 391 275 597 161 490 629 476 570 508 627 439 531 410 318 479 501 407 595 266" -- "458 274"
	"150 151 47 133 23 211 154 174 30 25 76 155 193 63 182 370 165 9 224 46 93 263 49 237 22 173 32 126 167 184 161 115 200 59 40 19 253 159 65 54 196 6" -- "231 150"
	"192 172" -- "455 192"
	"318 190 422 255 124 552 196 161 308 531 501 474 173 370 500 415 490 464 407 630 184 266 47 638 138 629 627 570 159 507 6 473 279 516" -- "453 318"
	"391 190 6 552 255 161 159 629 47 501 630 308 531 138 184 516 490 422 370 196 474 500 507 627 570 473 279 266 173 464 124 415 318 407 638" -- "449 391"
	"318 190 422 255 124 552 196 161 308 531 501 474 173 370 500 415 490 464 407 630 184 266 47 638 138 629 627 570 159 507 6 473 279 516" -- "448 318"
	"23 638 196 115 22 211 629 255 49 59 63 40 65 32 415" -- "226 23"
	"115 415 32 22" -- "112 115"
	"171 196 64" -- "58 171"
	"414 639 469" -- "447 414"
	"318 190 422 255 124 552 196 161 308 531 501 474 173 370 500 415 490 464 407 630 184 266 47 638 138 629 627 570 159 507 6 473 279 516" -- "440 318"
	"339 530 397 391" -- "438 339"
	"318 190 422 255 124 552 196 161 308 531 501 474 173 370 500 415 490 464 407 630 184 266 47 638 138 629 627 570 159 507 6 473 279 516" -- "434 318"
	"266 40 151 65 32 255 115 167 59 196 49 629 47 63 638 211 23 22 415" -- "432 266"
	"47 196 65 115 629 638 40 59 23 211 49 32 415 63 22 255" -- "111 47"
	"391 190 6 552 255 161 159 629 47 501 630 308 531 138 184 516 490 422 370 196 474 500 507 627 570 473 279 266 173 464 124 415 318 407 638" -- "430 391"
	"318 190 422 255 124 552 196 161 308 531 501 474 173 370 500 415 490 464 407 630 184 266 47 638 138 629 627 570 159 507 6 473 279 516" -- "429 318"
	"318 190 422 255 124 552 196 161 308 531 501 474 173 370 500 415 490 464 407 630 184 266 47 638 138 629 627 570 159 507 6 473 279 516" -- "426 318"
	"445 629 613 501 407 516 383 357 41 464 370 508 531 439 415 391 303 547 500 318 410 479 419 335" -- "425 445"
	"391 190 6 552 255 161 159 629 47 501 630 308 531 138 184 516 490 422 370 196 474 500 507 627 570 473 279 266 173 464 124 415 318 407 638" -- "424 391"
	"47 196 65 115 629 638 40 59 23 211 49 32 415 63 22 255" -- "213 47"
	"13 500 474 370 630 161 65 159 196 54 151 266 501 570 473 25 22 507 6 531 174 629 47 415 124 173 76 464 40 32 253 59 627 63 168 638 308 211 23 167 422 237 140 255 552 232 115 190 49" -- "209 13"
	"140 40 501 473 196 415 124 266 65 59 253 47 629 151 63 32 23 211 25 167 115 255 237 49 507 22 638 168" -- "109 140"
	"383 190 552 255 422 6 138 630 184 47 629 501 407 196 173 464 161 490 159 124 318 415 279 570 473 370 474 500 391 507 638 531 627 439 516 266 308" -- "411 383"
	"77 208 2" -- "103 77"
	"318 190 422 255 124 552 196 161 308 531 501 474 173 370 500 415 490 464 407 630 184 266 47 638 138 629 627 570 159 507 6 473 279 516" -- "403 318"
	"445 629 613 501 407 516 383 357 41 464 370 508 531 439 415 391 303 547 500 318 410 479 419 335" -- "401 445"
	"182 138 161 184 168 422 190 193 570 370 174 173 76 255 25 47 40 54 151 159 65 32 13 23 211 196 263 6 253 59 133 224 124 46 115 232 155 63 49 140 237 167 22" -- "203 182"
	"53 83 173 150" -- "100 53"
	"415 22" -- "399 415"
	"318 190 422 255 124 552 196 161 308 531 501 474 173 370 500 415 490 464 407 630 184 266 47 638 138 629 627 570 159 507 6 473 279 516" -- "394 318"
	"391 190 6 552 255 161 159 629 47 501 630 308 531 138 184 516 490 422 370 196 474 500 507 627 570 473 279 266 173 464 124 415 318 407 638" -- "390 391"
	"318 190 422 255 124 552 196 161 308 531 501 474 173 370 500 415 490 464 407 630 184 266 47 638 138 629 627 570 159 507 6 473 279 516" -- "388 318"
	"15 22 32 173 126 196 150 64 176 263 63 224 46 93 208 54 7 193 167 120 19 65 115 200" -- "99 15"
	"97 230" -- "96 97"
	"186 54 155 19 63 224 169 59 46 40 22" -- "48 186"
	"67 115 168 638 490 138 415 140 13 629 167" -- "27 67"
	"318 190 422 255 124 552 196 161 308 531 501 474 173 370 500 415 490 464 407 630 184 266 47 638 138 629 627 570 159 507 6 473 279 516" -- "382 318"
	"570 232 25 237 140 167 6 552 500 115 196 49 32 168 23 422 253 59 190 211 473 507 22 266 464 501 629 47 255 638 40 124 415 151 54 63 65 630" -- "377 570"
	"3 155 76 25 182 370 120 167 46 165 150 9 224 30 7 64 200 263 196 174 208 19 65 159 176" -- "191 3"
	"558 318" -- "372 558"
	"407 190 255 422 6 630 161 627 490 159 211 308 552 47 629 531 124 415 196 474 501 266 507 500 173 464 138 370 174 638 516 184 570 473" -- "371 407"
	"186 54 155 19 63 224 169 59 46 40 22" -- "187 186"
	"141 232 193 211 200 140 59" -- "94 141"
	"530 391 514 397 353 474 196" -- "363 530"
	"318 190 422 255 124 552 196 161 308 531 501 474 173 370 500 415 490 464 407 630 184 266 47 638 138 629 627 570 159 507 6 473 279 516" -- "361 318"
	"189 50" -- "181 189"
	"413 627 161 190 6 552 255 159 47 629 531 410 507 500 474 184 516 630 383 308 464 173 196 279 473 570 335 275 501 407 266 422 479 138 124 415 318 638 391 490 439 370" -- "355 413"
	"559 627 507 391 514 318" -- "354 559"
	"46 138 232 161 140 237 184 47 124 422 255 174 159 13 211 196 370 49 25 76 173 263 190 570 22 168 167 23 115 59 253 65 63 40 32 54 151 6 224" -- "90 46"
	"211 638 115 629 415 255 49 196 59 40 65 32 63 22" -- "89 211"
	"639 357 445 41 415 335 391 407 531 439 508 464 410 318 327 419" -- "350 639"
	"279 190 6 531 552 422 255 138 161 627 500 629 47 630 159 474 507 464 173 196 501 407 266 473 570 184 516 638 124 415 370 308 211 490" -- "348 279"
	"507 40 32 63 115 151 65 167 196 253 59 25 49 168 237 211 23 22 266 501 255 638 47 629 124 415" -- "347 507"
	"318 190 422 255 124 552 196 161 308 531 501 474 173 370 500 415 490 464 407 630 184 266 47 638 138 629 627 570 159 507 6 473 279 516" -- "346 318"
	"115 415 32 22" -- "87 115"
	"318 190 422 255 124 552 196 161 308 531 501 474 173 370 500 415 490 464 407 630 184 266 47 638 138 629 627 570 159 507 6 473 279 516" -- "342 318"
	"75 63" -- "86 75"
	"318 190 422 255 124 552 196 161 308 531 501 474 173 370 500 415 490 464 407 630 184 266 47 638 138 629 627 570 159 507 6 473 279 516" -- "334 318"
	"570 232 25 237 140 167 6 552 500 115 196 49 32 168 23 422 253 59 190 211 473 507 22 266 464 501 629 47 255 638 40 124 415 151 54 63 65 630" -- "333 570"
	"407 190 255 422 6 630 161 627 490 159 211 308 552 47 629 531 124 415 196 474 501 266 507 500 173 464 138 370 174 638 516 184 570 473" -- "329 407"
	"383 190 552 255 422 6 138 630 184 47 629 501 407 196 173 464 161 490 159 124 318 415 279 570 473 370 474 500 391 507 638 531 627 439 516 266 308" -- "325 383"
	"592 572 275" -- "323 592"
	"444 500 512 391 370 353 318" -- "322 444"
	"318 190 422 255 124 552 196 161 308 531 501 474 173 370 500 415 490 464 407 630 184 266 47 638 138 629 627 570 159 507 6 473 279 516" -- "641 318"
	"318 190 422 255 124 552 196 161 308 531 501 474 173 370 500 415 490 464 407 630 184 266 47 638 138 629 627 570 159 507 6 473 279 516" -- "640 318"
	"192 172" -- "321 192"
	"52 263 32 54 115 15 7" -- "162 52"
	"54 638 501 266 168 629 47 151 473 140 237 49 63 255 115 32 415 124 59 253 65 23 211 167 507 22 40 25 196" -- "81 54"
	"274 196 500 417 370 473 319 507 351 474 514 279 638 375 328 314 383 391 275 597 161 490 629 476 570 508 627 439 531 410 318 479 501 407 595 266" -- "42 274"
	"46 138 232 161 140 237 184 47 124 422 255 174 159 13 211 196 370 49 25 76 173 263 190 570 22 168 167 23 115 59 253 65 63 40 32 54 151 6 224" -- "10 46"
	"391 190 6 552 255 161 159 629 47 501 630 308 531 138 184 516 490 422 370 196 474 500 507 627 570 473 279 266 173 464 124 415 318 407 638" -- "635 391"
	"318 190 422 255 124 552 196 161 308 531 501 474 173 370 500 415 490 464 407 630 184 266 47 638 138 629 627 570 159 507 6 473 279 516" -- "317 318"
	"391 190 6 552 255 161 159 629 47 501 630 308 531 138 184 516 490 422 370 196 474 500 507 627 570 473 279 266 173 464 124 415 318 407 638" -- "316 391"
	"318 190 422 255 124 552 196 161 308 531 501 474 173 370 500 415 490 464 407 630 184 266 47 638 138 629 627 570 159 507 6 473 279 516" -- "631 318"
	"383 190 552 255 422 6 138 630 184 47 629 501 407 196 173 464 161 490 159 124 318 415 279 570 473 370 474 500 391 507 638 531 627 439 516 266 308" -- "624 383"
	"318 190 422 255 124 552 196 161 308 531 501 474 173 370 500 415 490 464 407 630 184 266 47 638 138 629 627 570 159 507 6 473 279 516" -- "312 318"
	"25 501 638 255 266 65 629 47 168 40 63 124 415 196 59 32 23 211 115 22 151 49 167" -- "158 25"
	"391 190 6 552 255 161 159 629 47 501 630 308 531 138 184 516 490 422 370 196 474 500 507 627 570 473 279 266 173 464 124 415 318 407 638" -- "623 391"
	"274 196 500 417 370 473 319 507 351 474 514 279 638 375 328 314 383 391 275 597 161 490 629 476 570 508 627 439 531 410 318 479 501 407 595 266" -- "622 274"
	"318 190 422 255 124 552 196 161 308 531 501 474 173 370 500 415 490 464 407 630 184 266 47 638 138 629 627 570 159 507 6 473 279 516" -- "305 318"
	"102 196" -- "79 102"
	"464 40 32 63 115 151 54 65 167 190 196 253 59 255 232 49 422 237 140 168 6 629 47 473 23 124 415 211 638 22 507 25 501 266" -- "604 464"
	"318 190 422 255 124 552 196 161 308 531 501 474 173 370 500 415 490 464 407 630 184 266 47 638 138 629 627 570 159 507 6 473 279 516" -- "602 318"
	"318 190 422 255 124 552 196 161 308 531 501 474 173 370 500 415 490 464 407 630 184 266 47 638 138 629 627 570 159 507 6 473 279 516" -- "601 318"
	"509 634 318" -- "598 509"
	"407 190 255 422 6 630 161 627 490 159 211 308 552 47 629 531 124 415 196 474 501 266 507 500 173 464 138 370 174 638 516 184 570 473" -- "596 407"
	"391 190 6 552 255 161 159 629 47 501 630 308 531 138 184 516 490 422 370 196 474 500 507 627 570 473 279 266 173 464 124 415 318 407 638" -- "296 391"
	"15 22 32 173 126 196 150 64 176 263 63 224 46 93 208 54 7 193 167 120 19 65 115 200" -- "148 15"
	"479 184 190 6 255 630 161 627 196 638 138 531 159 474 516 422 383 570 279 473 507 410 308 275 407 266 501 500 552 391 439 173 464 370 124 415 318 47 629 490" -- "590 479"
	"318 190 422 255 124 552 196 161 308 531 501 474 173 370 500 415 490 464 407 630 184 266 47 638 138 629 627 570 159 507 6 473 279 516" -- "587 318"
	"629 40 32 63 65 59 638 415 22 255 115" -- "293 629"
	"150 151 47 133 23 211 154 174 30 25 76 155 193 63 182 370 165 9 224 46 93 263 49 237 22 173 32 126 167 184 161 115 200 59 40 19 253 159 65 54 196 6" -- "292 150"
	"23 638 196 115 22 211 629 255 49 59 63 40 65 32 415" -- "146 23"
	"614 550 638 318" -- "291 614"
	"318 190 422 255 124 552 196 161 308 531 501 474 173 370 500 415 490 464 407 630 184 266 47 638 138 629 627 570 159 507 6 473 279 516" -- "581 318"
	"318 190 422 255 124 552 196 161 308 531 501 474 173 370 500 415 490 464 407 630 184 266 47 638 138 629 627 570 159 507 6 473 279 516" -- "290 318"
	"5 190 23 59 49 32" -- "144 5"
	"150 151 47 133 23 211 154 174 30 25 76 155 193 63 182 370 165 9 224 46 93 263 49 237 22 173 32 126 167 184 161 115 200 59 40 19 253 159 65 54 196 6" -- "73 150"
	"171 196 64" -- "37 171"
	"118 85 19 150 196 115 93 126 200 46" -- "18 118"
	"318 190 422 255 124 552 196 161 308 531 501 474 173 370 500 415 490 464 407 630 184 266 47 638 138 629 627 570 159 507 6 473 279 516" -- "575 318"
	"638 32 59 115 415 22" -- "287 638"
	"318 190 422 255 124 552 196 161 308 531 501 474 173 370 500 415 490 464 407 630 184 266 47 638 138 629 627 570 159 507 6 473 279 516" -- "573 318"
	"391 190 6 552 255 161 159 629 47 501 630 308 531 138 184 516 490 422 370 196 474 500 507 627 570 473 279 266 173 464 124 415 318 407 638" -- "286 391"
	"126 138 161 140 237 184 124 422 54 151 47 182 570 168 25 224 30 173 76 155 255 190 49 193 40 23 211 133 263 22 63 32 370 232 46 13 154 253 59 6 196 174 167 19 159 65 115" -- "143 126"
	"391 190 6 552 255 161 159 629 47 501 630 308 531 138 184 516 490 422 370 196 474 500 507 627 570 473 279 266 173 464 124 415 318 407 638" -- "567 391"
	"318 190 422 255 124 552 196 161 308 531 501 474 173 370 500 415 490 464 407 630 184 266 47 638 138 629 627 570 159 507 6 473 279 516" -- "564 318"
	"318 190 422 255 124 552 196 161 308 531 501 474 173 370 500 415 490 464 407 630 184 266 47 638 138 629 627 570 159 507 6 473 279 516" -- "563 318"
	"275 190 6 531 552 422 255 138 161 627 501 630 47 629 159 474 308 500 196 370 410 507 383 464 173 570 473 279 638 439 490 407 266 124 318 415 516 184 391" -- "560 275"
	"318 190 422 255 124 552 196 161 308 531 501 474 173 370 500 415 490 464 407 630 184 266 47 638 138 629 627 570 159 507 6 473 279 516" -- "281 318"
	"70 168 124 32 190 22 47 177 13 174 255 232 140 49 138 23 115" -- "142 70"
	"415 22" -- "557 415"
	"457 314 356 638 266 474 384 407 476 391 275 285 561 318 514" -- "555 457"
	"335 627 161 184 196 190 6 266 422 255 629 47 630 552 516 531 318 415 124 500 159 474 490 570 473 279 479 410 507 383 275 391 638 308 501 407 138 173 464 370 439" -- "546 335"
	"536 274" -- "544 536"
	"318 190 422 255 124 552 196 161 308 531 501 474 173 370 500 415 490 464 407 630 184 266 47 638 138 629 627 570 159 507 6 473 279 516" -- "276 318"
	"106 370 2" -- "137 106"
	"391 190 6 552 255 161 159 629 47 501 630 308 531 138 184 516 490 422 370 196 474 500 507 627 570 473 279 266 173 464 124 415 318 407 638" -- "542 391"
	"285 490 630 47 196 419 184 415 308 552 629 531 357 500 439 279 514 383 351 464 417 319 413 507 328 638 474 597 275 173 314 410 501 407 266 595 570 476 335 473 391 479 318" -- "541 285"
	"318 190 422 255 124 552 196 161 308 531 501 474 173 370 500 415 490 464 407 630 184 266 47 638 138 629 627 570 159 507 6 473 279 516" -- "270 318"
	"318 190 422 255 124 552 196 161 308 531 501 474 173 370 500 415 490 464 407 630 184 266 47 638 138 629 627 570 159 507 6 473 279 516" -- "539 318"
	"318 190 422 255 124 552 196 161 308 531 501 474 173 370 500 415 490 464 407 630 184 266 47 638 138 629 627 570 159 507 6 473 279 516" -- "538 318"
	"234 80" -- "135 234"
	"383 190 552 255 422 6 138 630 184 47 629 501 407 196 173 464 161 490 159 124 318 415 279 570 473 370 474 500 391 507 638 531 627 439 516 266 308" -- "535 383"
	"271 547 629 419 349" -- "533 271"
	"150 151 47 133 23 211 154 174 30 25 76 155 193 63 182 370 165 9 224 46 93 263 49 237 22 173 32 126 167 184 161 115 200 59 40 19 253 159 65 54 196 6" -- "264 150"
	"258 200 196 118" -- "134 258"
	"150 151 47 133 23 211 154 174 30 25 76 155 193 63 182 370 165 9 224 46 93 263 49 237 22 173 32 126 167 184 161 115 200 59 40 19 253 159 65 54 196 6" -- "262 150"
	"553 47 630 419 184 500 410 391 474 570 476 357 383 490 415 314 173 196 328 351 417 464 439 638 308 514 279 597 275 319 413 318 285 473 501 407 266" -- "522 553"
	"299 552 415 507 629 422 124 308 501 627 6 237 531 223" -- "261 299"
	"266 40 151 65 32 255 115 167 59 196 49 629 47 63 638 211 23 22 415" -- "520 266"
	"141 232 193 211 200 140 59" -- "260 141"
	"63 638 255 65 59 115 415 32 22" -- "131 63"
	"570 232 25 237 140 167 6 552 500 115 196 49 32 168 23 422 253 59 190 211 473 507 22 266 464 501 629 47 255 638 40 124 415 151 54 63 65 630" -- "519 570"
	"592 572 275" -- "518 592"
	"383 190 552 255 422 6 138 630 184 47 629 501 407 196 173 464 161 490 159 124 318 415 279 570 473 370 474 500 391 507 638 531 627 439 516 266 308" -- "517 383"
	"549 514 531 318 439 464 409 308" -- "515 549"
	"15 22 32 173 126 196 150 64 176 263 63 224 46 93 208 54 7 193 167 120 19 65 115 200" -- "130 15"
	"391 190 6 552 255 161 159 629 47 501 630 308 531 138 184 516 490 422 370 196 474 500 507 627 570 473 279 266 173 464 124 415 318 407 638" -- "66 391"
	"49 638 196 65 40 255 59 629 115 63 415 22 32" -- "35 49"
	22 -- "17 22"
	"159 474 627 232 161 140 237 49 115 552 638 630 168 422 253 59 63 190 174 167 370 531 464 54 151 25 501 6 124 415 40 22 507 266 255 23 308 211 473 570 196 500 32 47 629 65" -- "4 159"
	"224 232 47 422 159 174 196 25 173 76 184 474 138 161 370 263 255 570 22 266 168 167 63 13 59 253 65 54 151 140 237 190 49 115 211 23 40 415 124 32 500 6" -- "1 224"
}
