15555043
1 873864
2 222275
3 111645
4 71104
5 51471
6 39562
7 31558
8 25296
9 21202
10 18294
11 15552
12 13389
13 11753
14 10408
15 9303
16 8234
17 7308
18 6831
19 6099
20 5668
21 5071
22 4718
23 4365
24 4083
25 3725
26 3504
27 3358
28 3151
29 3019
30 2760
31 2610
32 2554
33 2365
34 2252
35 2041
36 2047
37 1913
38 1813
39 1746
40 1670
41 1659
42 1599
43 1478
44 1433
45 1365
46 1307
47 1257
48 1276
49 1208
50 1130
51 1132
52 1051
53 1045
54 1001
55 979
56 957
57 868
58 893
59 857
60 858
61 859
62 811
63 794
64 758
65 764
66 717
67 714
68 713
69 675
70 675
71 660
72 634
73 597
74 608
75 566
76 587
77 553
78 540
79 551
80 565
81 540
82 506
83 542
84 481
85 495
86 476
87 479
88 452
89 460
90 469
91 432
92 423
93 420
94 425
95 416
96 415
97 402
98 371
99 390
100 373
101 351
102 373
103 374
104 344
105 338
106 352
107 343
108 324
109 337
110 304
111 287
112 319
113 293
114 287
115 287
116 305
117 282
118 276
119 297
120 301
121 324
122 266
123 264
124 297
125 250
126 258
127 231
128 260
129 275
130 248
131 226
132 224
133 247
134 258
135 230
136 231
137 243
138 246
139 221
140 221
141 224
142 211
143 227
144 227
145 225
146 199
147 211
148 183
149 226
150 181
151 178
152 182
153 179
154 163
155 185
156 198
157 185
158 167
159 170
160 182
161 184
162 164
163 175
164 182
165 178
166 154
167 163
168 157
169 164
170 171
171 167
172 166
173 154
174 165
175 147
176 149
177 158
178 142
179 147
180 142
181 148
182 133
183 147
184 141
185 132
186 134
187 130
188 125
189 135
190 137
191 106
192 125
193 133
194 110
195 122
196 109
197 142
198 131
199 130
200 114
201 144
202 124
203 101
204 132
205 119
206 102
207 120
208 123
209 141
210 123
211 107
212 111
213 117
214 130
215 118
216 107
217 115
218 113
219 116
220 99
221 89
222 119
223 103
224 114
225 98
226 109
227 97
228 95
229 94
230 91
231 89
232 86
233 113
234 94
235 100
236 92
237 97
238 91
239 80
240 79
241 98
242 98
243 93
244 80
245 91
246 79
247 92
248 89
249 91
250 83
251 89
252 93
253 76
254 82
255 83
256 81
257 67
258 88
259 81
260 97
261 68
262 100
263 93
264 92
265 76
266 69
267 71
268 74
269 85
270 73
271 69
272 71
273 67
274 83
275 64
276 72
277 85
278 71
279 74
280 72
281 73
282 78
283 67
284 88
285 68
286 62
287 75
288 63
289 61
290 67
291 61
292 68
293 73
294 82
295 67
296 60
297 65
298 75
299 46
300 65
301 51
302 49
303 60
304 57
305 62
306 58
307 67
308 58
309 62
310 69
311 60
312 65
313 53
314 63
315 50
316 66
317 66
318 60
319 53
320 66
321 63
322 70
323 62
324 65
325 70
326 62
327 46
328 71
329 57
330 50
331 51
332 50
333 55
334 55
335 51
336 55
337 45
338 61
339 59
340 56
341 46
342 50
343 61
344 70
345 54
346 55
347 53
348 48
349 43
350 64
351 52
352 36
353 47
354 42
355 44
356 52
357 34
358 44
359 34
360 53
361 49
362 43
363 50
364 45
365 51
366 43
367 47
368 42
369 40
370 53
371 39
372 43
373 37
374 45
375 38
376 44
377 47
378 44
379 41
380 36
381 25
382 48
383 54
384 40
385 34
386 41
387 40
388 36
389 42
390 31
391 39
392 57
393 41
394 38
395 37
396 40
397 47
398 33
399 32
400 36
401 35
402 45
403 37
404 44
405 38
406 41
407 37
408 34
409 40
410 37
411 34
412 46
413 38
414 40
415 46
416 38
417 34
418 38
419 41
420 40
421 32
422 38
423 30
424 38
425 37
426 39
427 41
428 42
429 48
430 34
431 45
432 31
433 25
434 34
435 34
436 33
437 48
438 37
439 17
440 48
441 34
442 40
443 32
444 32
445 40
446 34
447 23
448 38
449 33
450 25
451 34
452 34
453 28
454 29
455 26
456 34
457 29
458 35
459 32
460 32
461 39
462 24
463 31
464 33
465 23
466 31
467 36
468 37
469 25
470 27
471 25
472 29
473 32
474 24
475 22
476 31
477 36
478 32
479 30
480 27
481 38
482 28
483 26
484 28
485 26
486 38
487 29
488 29
489 23
490 22
491 23
492 31
493 26
494 22
495 28
496 37
497 27
498 35
499 21
500 27
501 25
502 22
503 29
504 29
505 26
506 27
507 32
508 22
509 32
510 20
511 23
512 21
513 27
514 25
515 30
516 33
517 21
518 28
519 23
520 22
521 26
522 30
523 16
524 18
525 23
526 31
527 19
528 21
529 27
530 27
531 24
532 15
533 22
534 18
535 24
536 25
537 24
538 30
539 24
540 17
541 28
542 25
543 20
544 31
545 29
546 24
547 21
548 25
549 18
550 24
551 24
552 22
553 19
554 21
555 26
556 21
557 18
558 21
559 25
560 32
561 21
562 23
563 28
564 14
565 18
566 23
567 29
568 11
569 28
570 25
571 21
572 18
573 14
574 19
575 26
576 20
577 22
578 23
579 20
580 19
581 16
582 18
583 19
584 15
585 22
586 28
587 22
588 13
589 20
590 23
591 16
592 21
593 13
594 17
595 18
596 20
597 16
598 21
599 15
600 20
601 18
602 16
603 19
604 17
605 16
606 19
607 17
608 17
609 14
610 20
611 23
612 15
613 9
614 16
615 20
616 17
617 22
618 21
619 13
620 16
621 25
622 23
623 22
624 15
625 14
626 20
627 20
628 11
629 18
630 14
631 11
632 15
633 25
634 17
635 21
636 12
637 17
638 21
639 23
640 18
641 18
642 12
643 20
644 14
645 20
646 18
647 13
648 14
649 25
650 9
651 8
652 11
653 11
654 23
655 18
656 15
657 14
658 17
659 11
660 16
661 14
662 15
663 18
664 14
665 20
666 13
667 24
668 18
669 15
670 23
671 18
672 18
673 14
674 12
675 18
676 7
677 17
678 28
679 11
680 14
681 18
682 18
683 15
684 20
685 13
686 17
687 18
688 9
689 11
690 19
691 18
692 14
693 11
694 22
695 16
696 15
697 17
698 19
699 14
700 10
701 15
702 22
703 15
704 12
705 14
706 16
707 9
708 18
709 16
710 18
711 23
712 19
713 13
714 14
715 17
716 16
717 13
718 18
719 19
720 11
721 19
722 17
723 8
724 11
725 10
726 9
727 9
728 11
729 9
730 11
731 11
732 12
733 13
734 15
735 16
736 11
737 15
738 12
739 9
740 11
741 9
742 18
743 13
744 14
745 8
746 13
747 13
748 19
749 16
750 18
751 11
752 14
753 9
754 6
755 11
756 8
757 19
758 9
759 19
760 8
761 11
762 13
763 17
764 14
765 11
766 9
767 12
768 9
769 6
770 10
771 15
772 10
773 18
774 9
775 13
776 13
777 11
778 11
779 12
780 9
781 15
782 10
783 4
784 15
785 14
786 7
787 14
788 8
789 5
790 9
791 9
792 11
793 13
794 16
795 12
796 14
797 15
798 7
799 5
800 9
801 7
802 7
803 14
804 19
805 7
806 13
807 5
808 19
809 17
810 8
811 17
812 10
813 10
814 10
815 8
816 14
817 8
818 7
819 8
820 11
821 9
822 5
823 5
824 8
825 5
826 8
827 9
828 13
829 11
830 13
831 7
832 13
833 11
834 9
835 13
836 14
837 17
838 3
839 3
840 10
841 8
842 14
843 13
844 11
845 10
846 15
847 5
848 15
849 13
850 8
851 4
852 7
853 12
854 10
855 7
856 10
857 9
858 6
859 9
860 8
861 8
862 7
863 6
864 9
865 9
866 7
867 10
868 10
869 11
870 14
871 10
872 10
873 6
874 10
875 9
876 10
877 13
878 11
879 10
880 7
881 9
882 10
883 12
884 13
885 12
886 11
887 12
888 9
889 6
890 8
891 12
892 4
893 10
894 8
895 10
896 11
897 4
898 9
899 12
900 7
901 6
902 5
903 10
904 8
905 6
906 10
907 8
908 10
909 10
910 12
911 11
912 8
913 9
914 8
915 3
916 4
917 13
918 6
919 4
920 11
921 11
922 9
923 6
924 9
925 10
926 11
927 7
928 13
929 7
930 10
931 9
932 9
933 11
934 4
935 14
936 13
937 14
938 7
939 6
940 10
941 8
942 6
943 13
944 11
945 8
946 7
947 7
948 9
949 8
950 5
951 5
952 6
953 5
954 5
955 3
956 18
957 8
958 9
959 12
960 5
961 9
962 13
963 6
964 7
965 7
966 5
967 8
968 3
969 8
970 4
971 9
972 8
973 5
974 8
975 10
976 10
977 6
978 8
979 7
980 8
981 5
982 3
983 8
984 7
985 8
986 10
987 7
988 10
989 8
990 8
991 8
992 8
993 12
994 8
995 5
996 5
997 7
998 4
999 5
1000 7
1001 6
1002 2
1003 6
1004 7
1005 11
1006 8
1007 9
1008 11
1009 6
1010 9
1011 6
1012 10
1013 5
1014 13
1015 4
1016 8
1017 8
1018 10
1019 8
1020 9
1021 12
1022 7
1023 7
1024 11
1025 9
1026 8
1027 6
1028 3
1029 4
1030 6
1031 6
1032 8
1033 8
1034 7
1035 6
1036 8
1037 6
1038 7
1039 9
1040 12
1041 10
1042 3
1043 12
1044 9
1045 6
1046 4
1047 6
1048 4
1049 9
1050 5
1051 10
1052 7
1053 6
1054 4
1055 3
1056 12
1057 7
1058 10
1059 1
1060 7
1061 6
1062 6
1063 5
1064 5
1065 6
1066 2
1067 3
1068 12
1069 7
1070 5
1071 9
1072 4
1073 12
1074 2
1075 7
1076 3
1077 4
1078 5
1079 8
1080 10
1081 6
1082 5
1083 5
1084 4
1086 1
1087 8
1088 4
1089 3
1090 6
1091 5
1092 3
1093 9
1094 5
1095 6
1096 5
1097 11
1098 7
1099 11
1100 8
1101 10
1102 8
1103 7
1104 11
1105 6
1106 12
1107 7
1108 9
1109 4
1110 7
1111 5
1112 5
1113 3
1114 7
1115 8
1116 12
1117 4
1118 5
1119 4
1120 6
1121 10
1122 2
1123 2
1124 5
1125 5
1126 5
1127 7
1128 8
1129 7
1130 6
1131 7
1132 8
1133 8
1134 3
1135 7
1136 7
1137 10
1138 9
1139 9
1140 5
1141 4
1142 7
1143 3
1144 5
1145 5
1146 10
1147 6
1148 5
1149 4
1150 6
1151 2
1152 9
1153 4
1154 4
1155 5
1156 4
1157 7
1158 6
1159 2
1160 5
1162 4
1163 1
1164 3
1165 5
1166 3
1167 7
1168 8
1169 1
1170 11
1171 5
1172 4
1173 6
1174 6
1175 1
1176 6
1177 1
1178 7
1179 5
1180 8
1181 7
1182 5
1183 6
1184 6
1185 7
1186 6
1187 4
1188 6
1189 7
1190 5
1191 9
1192 6
1193 3
1194 4
1195 4
1196 3
1197 5
1198 6
1199 6
1200 4
1201 9
1202 3
1203 2
1204 4
1205 6
1206 4
1207 5
1208 2
1209 3
1210 8
1211 3
1212 5
1213 4
1214 2
1215 3
1216 6
1217 6
1218 4
1219 3
1220 2
1221 3
1222 11
1223 7
1224 3
1225 2
1226 5
1227 4
1228 5
1229 2
1230 4
1231 2
1232 3
1233 2
1234 3
1235 5
1236 4
1237 3
1238 1
1239 4
1240 5
1241 3
1242 4
1243 3
1244 6
1245 6
1246 5
1247 2
1248 3
1249 6
1250 3
1251 3
1252 6
1253 4
1254 4
1255 4
1256 1
1257 2
1258 4
1259 5
1260 1
1261 7
1262 3
1263 3
1264 3
1265 4
1266 2
1267 3
1268 2
1269 5
1270 3
1271 3
1272 2
1273 9
1274 2
1275 3
1276 4
1277 2
1278 6
1279 4
1280 5
1281 2
1282 4
1283 5
1284 2
1285 3
1286 6
1287 4
1288 5
1289 6
1290 4
1291 5
1292 4
1293 4
1294 2
1295 3
1296 6
1297 4
1298 5
1299 4
1300 6
1301 1
1302 3
1303 6
1304 4
1305 4
1306 3
1307 3
1308 5
1309 5
1310 7
1311 2
1312 5
1313 3
1314 6
1315 7
1316 5
1317 3
1318 4
1319 5
1320 2
1321 4
1322 3
1323 2
1324 2
1325 5
1326 5
1327 6
1328 8
1329 4
1330 9
1331 4
1332 3
1333 6
1334 1
1335 4
1336 9
1337 2
1338 2
1339 5
1340 5
1341 8
1342 4
1343 2
1344 3
1345 3
1346 8
1347 3
1348 6
1349 5
1350 2
1351 5
1352 3
1353 4
1354 2
1355 4
1356 6
1357 5
1358 4
1359 3
1360 3
1361 7
1362 3
1363 1
1364 8
1365 6
1366 6
1367 7
1368 3
1369 5
1370 2
1371 7
1372 4
1373 4
1374 3
1375 6
1376 1
1377 7
1378 2
1379 7
1380 4
1381 1
1382 4
1383 6
1384 3
1385 2
1386 4
1387 3
1388 1
1389 4
1390 2
1391 5
1392 5
1393 1
1394 3
1395 2
1396 2
1397 3
1398 4
1399 2
1400 3
1401 3
1402 2
1403 3
1404 4
1405 4
1406 3
1407 7
1408 5
1409 4
1410 5
1411 2
1412 3
1413 4
1414 2
1415 1
1416 3
1417 4
1418 5
1419 3
1420 1
1421 4
1422 5
1423 6
1424 7
1425 3
1426 3
1427 3
1428 7
1429 4
1430 3
1431 3
1432 4
1433 3
1434 3
1435 3
1436 2
1437 1
1438 4
1439 6
1440 2
1441 4
1442 4
1443 4
1445 2
1446 8
1447 5
1448 8
1449 1
1450 6
1451 4
1452 4
1453 6
1454 5
1455 1
1456 2
1457 4
1458 3
1459 4
1460 2
1461 3
1462 1
1463 4
1464 3
1465 3
1466 4
1467 4
1469 5
1470 3
1471 2
1472 5
1473 4
1474 1
1475 3
1476 1
1477 3
1478 2
1479 5
1480 3
1481 5
1482 3
1483 3
1484 4
1485 2
1486 4
1487 3
1489 2
1490 2
1491 2
1492 3
1493 3
1494 3
1495 7
1496 7
1497 2
1498 4
1499 5
1500 2
1501 3
1502 1
1503 7
1504 6
1505 3
1506 3
1507 1
1508 1
1509 5
1510 2
1511 2
1512 3
1513 2
1514 1
1515 2
1516 2
1517 5
1518 2
1519 3
1520 2
1522 2
1523 5
1524 3
1525 3
1526 2
1528 4
1529 3
1530 2
1531 3
1532 2
1533 4
1534 1
1535 2
1536 7
1537 2
1538 1
1539 4
1540 2
1541 2
1542 9
1543 3
1544 2
1545 2
1546 6
1547 2
1548 4
1549 2
1550 3
1551 7
1552 2
1554 7
1556 2
1557 2
1558 1
1559 3
1560 2
1561 6
1562 5
1563 6
1564 3
1565 4
1566 3
1568 1
1569 2
1570 1
1571 1
1572 2
1573 2
1574 5
1575 8
1576 3
1577 5
1578 4
1579 2
1580 6
1581 3
1582 6
1583 3
1584 3
1585 2
1586 3
1587 2
1588 2
1589 3
1592 4
1593 3
1595 2
1596 1
1597 5
1598 3
1599 2
1600 4
1601 4
1602 1
1603 2
1604 1
1605 7
1606 4
1607 1
1608 2
1609 3
1610 4
1611 4
1612 3
1613 1
1614 2
1615 5
1616 4
1617 4
1618 2
1619 2
1620 5
1621 3
1622 1
1623 2
1624 1
1625 4
1626 2
1627 4
1628 2
1629 1
1631 3
1632 2
1633 2
1634 4
1635 1
1636 2
1637 4
1638 1
1639 3
1640 3
1641 2
1642 2
1643 3
1644 2
1645 2
1646 1
1647 6
1648 1
1649 2
1650 3
1651 2
1652 1
1654 4
1655 2
1656 3
1657 3
1658 4
1659 2
1660 1
1661 6
1662 1
1663 5
1664 1
1665 2
1666 2
1667 2
1670 4
1671 4
1673 1
1674 5
1676 1
1677 2
1678 2
1679 6
1680 3
1681 2
1682 5
1683 2
1684 4
1685 3
1686 4
1687 1
1688 3
1689 1
1690 3
1691 1
1692 3
1693 2
1694 2
1695 4
1696 1
1697 2
1698 1
1699 2
1700 3
1701 5
1702 1
1704 4
1705 1
1706 1
1707 1
1709 1
1710 1
1711 1
1712 2
1714 2
1715 3
1716 2
1718 2
1719 4
1720 2
1721 1
1722 2
1723 2
1724 2
1725 2
1726 3
1728 4
1729 4
1730 2
1731 1
1732 1
1733 3
1734 2
1735 1
1736 2
1737 4
1738 2
1740 3
1741 3
1742 4
1743 1
1744 4
1745 2
1746 1
1747 1
1748 3
1749 2
1750 4
1751 2
1752 4
1753 6
1754 6
1755 2
1756 4
1757 1
1758 5
1759 1
1760 3
1761 3
1762 2
1763 2
1764 3
1766 2
1767 2
1768 2
1769 3
1771 2
1772 2
1773 3
1774 5
1775 4
1776 4
1777 3
1778 3
1779 4
1780 4
1781 2
1782 1
1783 1
1784 1
1785 1
1786 5
1789 3
1790 2
1791 1
1792 3
1793 1
1794 1
1795 2
1797 2
1798 2
1799 2
1800 2
1801 2
1802 1
1803 1
1804 5
1805 2
1806 7
1808 2
1810 2
1811 1
1812 3
1813 1
1814 2
1815 4
1816 3
1817 1
1818 2
1819 2
1820 2
1821 3
1822 1
1823 1
1824 3
1825 1
1827 3
1828 3
1829 2
1830 1
1831 2
1832 2
1833 1
1834 1
1835 2
1836 3
1837 1
1838 1
1839 1
1840 2
1843 2
1844 1
1845 2
1846 4
1847 4
1849 3
1851 3
1853 1
1854 3
1855 4
1856 1
1858 2
1862 1
1863 1
1864 2
1865 2
1866 1
1868 1
1870 1
1871 1
1872 1
1873 1
1874 2
1875 4
1876 1
1877 1
1878 5
1879 5
1880 1
1881 4
1883 2
1884 3
1885 3
1886 1
1887 3
1889 1
1890 4
1891 1
1892 1
1893 3
1894 4
1895 3
1897 1
1898 1
1899 3
1901 1
1902 1
1903 2
1904 1
1906 2
1909 1
1910 1
1911 2
1912 2
1913 2
1914 1
1915 3
1916 6
1918 1
1919 4
1920 3
1921 2
1922 1
1923 1
1924 2
1925 1
1926 1
1929 2
1930 3
1931 2
1932 1
1933 3
1934 1
1935 1
1936 2
1937 1
1938 1
1940 2
1943 1
1945 1
1946 3
1947 1
1948 2
1949 2
1950 2
1953 1
1954 1
1955 1
1956 1
1957 3
1961 2
1963 2
1965 4
1968 2
1970 1
1971 2
1973 2
1974 3
1975 4
1977 3
1978 1
1979 2
1980 3
1981 1
1983 1
1984 1
1986 1
1987 1
1988 1
1991 2
1992 1
1993 6
1995 2
1997 2
1998 1
1999 3
2000 1
2001 1
2004 1
2005 1
2006 1
2007 1
2009 2
2010 1
2012 1
2013 2
2014 2
2015 2
2016 1
2018 2
2019 1
2020 1
2022 2
2023 1
2026 1
2027 2
2028 2
2029 3
2030 2
2031 1
2032 1
2033 2
2034 1
2035 1
2036 3
2037 2
2039 2
2041 1
2043 2
2045 3
2046 1
2051 2
2052 2
2053 2
2054 5
2055 1
2056 3
2057 2
2058 2
2059 2
2061 1
2062 1
2063 1
2064 2
2066 1
2067 1
2068 1
2071 3
2072 1
2073 1
2074 3
2075 1
2076 1
2077 1
2078 3
2079 2
2081 2
2082 2
2084 1
2085 2
2086 3
2088 1
2089 1
2090 3
2091 1
2092 1
2093 2
2094 2
2095 8
2099 1
2100 3
2102 2
2103 3
2106 6
2107 2
2109 1
2110 2
2112 1
2113 1
2114 1
2115 1
2116 2
2117 2
2119 2
2120 2
2121 1
2122 2
2123 1
2124 1
2126 1
2127 1
2129 2
2130 2
2131 2
2132 1
2133 1
2134 1
2135 2
2136 1
2137 2
2138 3
2139 1
2140 1
2142 3
2143 1
2144 1
2145 1
2146 1
2147 1
2148 2
2149 1
2150 1
2151 1
2153 1
2154 1
2155 1
2157 1
2158 1
2159 1
2160 4
2163 4
2164 2
2165 1
2166 1
2168 3
2169 1
2170 1
2171 2
2174 1
2175 2
2176 3
2177 2
2178 2
2179 2
2184 3
2185 1
2186 1
2188 1
2190 1
2192 1
2193 1
2194 1
2195 2
2197 2
2198 1
2201 1
2202 1
2203 2
2204 2
2205 2
2207 1
2208 1
2211 1
2214 2
2217 1
2218 2
2219 2
2221 1
2223 3
2224 2
2225 1
2226 1
2227 2
2228 1
2229 3
2231 4
2232 1
2233 2
2234 1
2236 1
2237 1
2239 1
2240 2
2241 2
2242 1
2243 1
2245 1
2246 1
2250 2
2251 2
2252 2
2253 2
2255 3
2256 3
2257 1
2259 1
2260 2
2261 1
2262 2
2263 4
2265 1
2266 1
2267 1
2268 2
2269 1
2270 1
2271 1
2272 2
2277 2
2279 1
2280 1
2281 3
2284 2
2287 2
2288 1
2289 1
2290 1
2294 1
2298 1
2301 2
2303 1
2304 1
2305 3
2306 1
2307 2
2308 1
2311 2
2313 1
2314 2
2315 3
2316 4
2319 1
2320 2
2325 1
2326 1
2327 2
2331 1
2334 3
2335 1
2338 3
2339 1
2340 3
2341 1
2343 3
2344 1
2346 5
2349 2
2351 2
2352 1
2353 2
2354 3
2355 3
2357 2
2358 1
2359 2
2362 1
2363 1
2364 2
2365 1
2366 3
2368 1
2369 3
2370 2
2373 1
2374 4
2375 1
2377 1
2378 1
2380 1
2382 1
2383 2
2384 1
2385 1
2387 1
2388 1
2390 1
2391 1
2392 1
2393 1
2394 1
2395 1
2396 2
2399 1
2400 1
2401 1
2402 1
2404 1
2406 3
2409 1
2410 1
2413 1
2414 3
2415 1
2416 1
2420 1
2421 2
2422 1
2425 1
2428 2
2430 2
2431 1
2432 3
2433 1
2434 2
2436 1
2437 1
2438 1
2439 2
2440 1
2448 2
2449 1
2451 1
2453 4
2455 1
2456 2
2457 2
2459 2
2461 2
2462 1
2464 1
2466 1
2469 2
2471 3
2473 1
2475 1
2477 1
2479 1
2481 1
2483 1
2489 1
2491 1
2492 1
2495 1
2496 3
2497 1
2498 1
2499 1
2500 3
2501 3
2502 1
2503 1
2506 1
2507 2
2509 2
2510 1
2513 1
2514 2
2515 1
2516 4
2518 2
2519 4
2520 2
2521 1
2523 1
2524 1
2526 1
2527 2
2529 1
2530 2
2531 1
2534 1
2537 1
2538 1
2539 1
2541 2
2542 1
2545 2
2547 2
2549 1
2551 1
2556 1
2557 1
2558 1
2559 1
2560 2
2562 1
2565 2
2567 1
2568 1
2571 2
2575 1
2577 1
2582 1
2585 1
2586 1
2587 1
2593 1
2595 1
2596 2
2597 1
2598 2
2600 1
2606 3
2607 1
2608 1
2613 3
2614 1
2618 1
2624 2
2625 1
2628 1
2629 1
2631 1
2634 1
2635 1
2637 1
2639 2
2641 1
2647 1
2650 1
2651 1
2653 2
2654 2
2655 2
2656 1
2657 1
2662 2
2663 1
2664 1
2665 1
2666 2
2667 1
2668 2
2670 1
2671 1
2672 1
2675 1
2677 1
2678 2
2680 1
2681 1
2682 2
2688 2
2690 1
2693 1
2694 1
2695 1
2698 1
2700 1
2702 2
2710 1
2711 1
2712 2
2714 1
2716 1
2718 2
2723 2
2724 2
2725 1
2726 1
2727 1
2728 3
2730 2
2731 1
2733 1
2734 2
2735 2
2737 1
2738 1
2739 1
2741 1
2746 2
2748 1
2749 1
2753 1
2755 2
2756 1
2758 1
2759 1
2761 1
2762 1
2771 1
2773 1
2777 1
2779 2
2780 1
2789 1
2791 2
2792 3
2793 1
2798 1
2799 1
2800 1
2801 1
2802 3
2803 1
2804 3
2805 1
2807 1
2809 1
2811 2
2813 1
2814 2
2817 2
2825 1
2827 2
2829 1
2831 1
2832 1
2836 2
2837 1
2838 2
2839 1
2841 1
2842 1
2847 1
2848 1
2849 1
2852 1
2853 1
2855 1
2859 5
2867 2
2868 1
2870 1
2872 1
2873 1
2877 1
2879 1
2881 1
2882 2
2883 4
2885 2
2887 1
2889 1
2892 1
2894 1
2896 2
2897 1
2898 1
2902 1
2905 1
2908 1
2913 1
2915 1
2916 2
2921 1
2924 1
2926 1
2927 2
2932 1
2934 1
2935 1
2938 1
2939 1
2940 1
2941 1
2942 1
2943 3
2944 1
2947 1
2948 1
2949 1
2950 1
2951 1
2952 1
2953 1
2954 1
2958 1
2959 1
2961 1
2965 1
2967 1
2968 1
2971 1
2975 1
2977 1
2982 1
2983 1
2985 1
2987 1
3006 1
3008 2
3009 1
3012 1
3013 1
3018 1
3024 1
3028 1
3030 1
3031 3
3033 1
3038 2
3041 2
3044 1
3045 1
3047 1
3048 3
3053 1
3057 1
3059 1
3069 1
3071 1
3072 2
3074 1
3085 1
3091 1
3094 1
3098 1
3100 1
3101 1
3105 1
3110 1
3114 1
3118 2
3121 1
3124 1
3128 1
3131 1
3137 2
3138 2
3139 1
3144 1
3145 1
3148 1
3155 2
3158 1
3163 1
3164 1
3166 1
3167 1
3172 1
3173 2
3178 1
3181 1
3183 1
3186 1
3187 1
3189 1
3203 3
3204 1
3206 1
3211 1
3218 1
3222 1
3223 1
3225 1
3227 1
3228 1
3229 1
3232 2
3236 1
3254 1
3257 1
3265 2
3268 1
3272 1
3281 1
3286 1
3287 1
3290 1
3292 1
3294 1
3295 1
3296 1
3299 1
3301 1
3308 2
3309 1
3310 1
3311 1
3312 1
3316 1
3321 1
3328 1
3332 1
3333 1
3339 1
3344 2
3354 1
3355 1
3359 1
3368 1
3374 2
3377 1
3378 1
3379 2
3382 1
3385 2
3386 1
3391 2
3409 2
3417 1
3418 1
3421 1
3432 1
3433 2
3439 1
3440 1
3443 1
3444 1
3445 1
3448 1
3458 1
3474 1
3477 1
3478 1
3482 1
3486 1
3487 1
3498 1
3500 1
3510 1
3511 1
3512 1
3515 1
3520 1
3523 1
3536 1
3537 1
3539 1
3541 1
3542 1
3546 1
3549 1
3552 1
3554 1
3567 1
3573 1
3578 1
3579 1
3582 1
3589 1
3594 1
3599 1
3600 1
3607 2
3612 1
3618 1
3620 1
3630 1
3633 2
3651 1
3652 2
3657 1
3659 1
3660 1
3669 1
3670 1
3681 1
3694 2
3697 1
3711 1
3713 1
3719 1
3720 1
3733 1
3738 1
3761 1
3763 1
3765 1
3770 1
3776 1
3791 2
3792 1
3796 1
3802 1
3803 2
3806 1
3814 1
3822 1
3827 1
3834 1
3846 1
3852 1
3863 1
3872 1
3899 1
3902 1
3906 1
3908 1
3910 1
3926 1
3948 1
3959 1
3965 1
3973 1
3974 1
3977 1
3979 1
3997 1
4003 1
4008 1
4010 1
4015 1
4018 1
4034 1
4036 1
4062 1
4087 1
4089 1
4092 1
4095 1
4099 1
4104 1
4107 1
4114 1
4121 1
4144 1
4162 1
4172 1
4173 1
4192 1
4196 1
4220 1
4229 1
4236 1
4238 1
4268 1
4279 1
4280 1
4292 1
4299 1
4300 1
4314 1
4330 1
4335 1
4358 1
4368 1
4369 1
4391 1
4407 1
4428 1
4437 2
4441 1
4448 2
4472 1
4491 2
4495 1
4538 1
4562 1
4565 1
4581 1
4584 1
4598 1
4615 1
4625 1
4639 1
4644 1
4696 1
4722 1
4731 1
4769 1
4786 1
4792 1
4799 2
4809 1
4834 1
4852 1
4869 1
4902 1
4910 1
4926 1
4933 1
4979 1
4991 1
5004 1
5060 1
5129 1
5185 1
5194 1
5209 1
5220 1
5229 1
5239 1
5284 1
5344 1
5373 1
5401 1
5412 1
5424 1
5492 1
5547 1
5599 1
5616 1
5659 1
5665 1
5669 1
5718 1
5779 1
5824 1
5908 1
5991 1
6109 1
6122 1
6125 1
6185 1
6302 1
6342 1
6352 1
6444 1
6490 1
6523 1
6610 1
6698 1
6711 1
6715 1
6722 1
6742 1
6767 1
6849 1
6915 1
6954 1
7005 2
7111 1
7165 1
7181 1
7202 1
7214 1
7277 1
7310 1
7357 1
7463 1
7538 1
7568 1
7666 1
7793 1
7851 1
7866 1
7907 1
8183 1
8479 1
8505 1
8524 1
8916 1
8937 1
9055 1
9073 1
9271 1
9601 1
9690 1
9827 1
9856 1
10036 1
10147 1
10215 1
10383 1
10620 1
10697 1
11354 1
11493 1
11528 1
12477 1
12612 1
13591 1
14483 1
16348 1
19129 1
19581 1
27236 1
