1 785930
2 1206957
3 1488250
4 1695592
5 1854306
6 1978431
7 2078344
8 2158443
9 2223883
10 2277585
11 2322329
12 2358641
13 2389334
14 2415091
15 2435824
16 2454523
17 2469937
18 2483037
19 2494866
20 2504537
22 2520807
24 2533150
26 2543767
28 2551599
30 2558847
33 2566442
36 2573679
39 2580685
42 2585129
46 2591268
50 2595407
55 2600233
60 2603906
66 2607780
72 2611362
79 2614632
86 2615132
94 2617886
103 2620328
113 2622006
124 2623671
136 2624443
149 2624692
163 2626777
179 2628223
196 2627865
200 2626647
