1 28971 0.124434 0.024858 8.2e-05
2 72240 0.34812 0.053878 0.090823
3 128319 0.707959 0.12247 0.269215
4 190338 1.12014 0.196804 0.515701
5 244113 1.30148 0.195708 0.671565
6 261600 0.629244 0.070895 0.310267
7 271994 0.534598 0.05117 0.274221
8 278727 0.462342 0.037826 0.24934
9 283336 0.410121 0.029605 0.229144
10 286626 0.361639 0.023699 0.205513
11 289084 0.328385 0.019675 0.192717
12 291103 0.314882 0.017777 0.194436
13 292762 0.296388 0.01587 0.188467
14 294093 0.271721 0.013612 0.177114
15 295195 0.249118 0.011868 0.166026
16 296172 0.242075 0.011363 0.164765
17 297007 0.240386 0.010455 0.169964
18 297765 0.236058 0.009984 0.169949
19 298387 0.206291 0.008536 0.148591
20 298919 0.199601 0.007743 0.145727
21 299487 0.222688 0.008966 0.169094
22 300000 0.214633 0.008492 0.164804
23 300445 0.20459 0.007862 0.157678
24 300786 0.183742 0.006394 0.141084
25 301164 0.197077 0.007059 0.156666
26 301517 0.212865 0.007325 0.171939
27 301818 0.192281 0.006586 0.155373
28 302079 0.17869 0.005869 0.144871
29 302345 0.190047 0.006339 0.15624
30 302578 0.175484 0.005762 0.144161
31 302779 0.171449 0.00529 0.140555
32 302966 0.168943 0.005021 0.139692
33 303157 0.172189 0.005196 0.144683
34 303320 0.15245 0.004656 0.127337
35 303501 0.171892 0.005119 0.14709
36 303641 0.144091 0.004186 0.121365
37 303800 0.173701 0.005004 0.150501
38 303978 0.198716 0.005857 0.174395
39 304094 0.143445 0.003924 0.122731
40 304233 0.171055 0.004792 0.149422
41 304368 0.174746 0.004938 0.153388
42 304508 0.18035 0.005094 0.159616
43 304613 0.145068 0.0039 0.127025
44 304733 0.171038 0.004684 0.151336
45 304837 0.167728 0.004687 0.148524
46 304925 0.149891 0.003889 0.13202
47 305031 0.196732 0.005047 0.176909
48 305135 0.197986 0.004986 0.178211
49 305224 0.154268 0.004055 0.137442
50 305291 0.127328 0.002978 0.112794
51 305374 0.162212 0.003938 0.14611
52 305450 0.162345 0.003779 0.146727
53 305530 0.165327 0.003972 0.149544
54 305628 0.194659 0.004841 0.178273
55 305708 0.166283 0.003919 0.151188
56 305775 0.151821 0.003622 0.137147
57 305826 0.128255 0.002741 0.115584
58 305887 0.153173 0.003331 0.139315
59 305956 0.17228 0.003877 0.157719
60 306013 0.153701 0.003398 0.14051
61 306067 0.145122 0.003136 0.132532
62 306121 0.14446 0.003215 0.132315
63 306172 0.157464 0.003098 0.144614
64 306229 0.168395 0.003548 0.156553
65 306276 0.149834 0.002925 0.138026
66 306324 0.149562 0.003038 0.138213
67 306383 0.187406 0.003786 0.173974
68 306421 0.122874 0.002444 0.113447
69 306464 0.150278 0.002892 0.13871
70 306489 0.092828 0.001698 0.083808
71 306523 0.131455 0.002315 0.122291
72 306587 0.214908 0.004209 0.203062
73 306622 0.133802 0.002441 0.123992
74 306664 0.144645 0.00284 0.134236
75 306707 0.178124 0.003151 0.167545
76 306740 0.130018 0.002418 0.120638
77 306779 0.158888 0.002864 0.148935
78 306810 0.128802 0.002326 0.119949
79 306845 0.157797 0.002726 0.148238
80 306888 0.178296 0.003536 0.166443
81 306916 0.13871 0.002222 0.130836
82 306940 0.121228 0.001935 0.11309
83 306975 0.165015 0.002754 0.155472
84 307007 0.154727 0.002568 0.146119
85 307042 0.156061 0.002776 0.146249
86 307068 0.112532 0.002098 0.104979
87 307105 0.184889 0.003114 0.175664
88 307135 0.168263 0.002674 0.159279
89 307158 0.134125 0.001976 0.126362
90 307186 0.157055 0.002382 0.148947
91 307204 0.105673 0.001614 0.098795
92 307240 0.198691 0.00306 0.189325
93 307256 0.100177 0.001441 0.093712
94 307281 0.160591 0.002277 0.152909
95 307313 0.225727 0.003306 0.215703
96 307336 0.154246 0.002255 0.145603
97 307361 0.176045 0.002476 0.168686
98 307385 0.162936 0.002282 0.155116
99 307404 0.129506 0.001842 0.122567
100 307425 0.130911 0.002023 0.124023
101 307449 0.143778 0.002324 0.136123
102 307480 0.197523 0.002984 0.189661
103 307502 0.154005 0.002171 0.146476
104 307513 0.085524 0.00109 0.08074
105 307538 0.145654 0.002441 0.138107
106 307554 0.121359 0.001641 0.114994
107 307575 0.163102 0.002218 0.156293
108 307591 0.134129 0.001621 0.127429
109 307599 0.069502 0.000883 0.064601
110 307615 0.135512 0.001686 0.129823
111 307633 0.162671 0.00192 0.15603
112 307670 0.277121 0.004038 0.267226
113 307682 0.123301 0.001598 0.117414
114 307700 0.132502 0.001943 0.126629
115 307708 0.080654 0.000863 0.075691
116 307724 0.125975 0.001878 0.119784
117 307733 0.093519 0.001095 0.088111
118 307756 0.222759 0.002654 0.215417
119 307773 0.160885 0.001945 0.154636
120 307784 0.111058 0.001238 0.105862
121 307802 0.183374 0.002145 0.176284
122 307818 0.146438 0.001838 0.141119
123 307831 0.138261 0.001502 0.133155
124 307840 0.092587 0.001136 0.086373
125 307848 0.098038 0.001012 0.094232
126 307855 0.083728 0.000853 0.078191
127 307868 0.154337 0.001689 0.149621
128 307884 0.160677 0.001977 0.155109
129 307892 0.096513 0.000972 0.091934
130 307907 0.17128 0.001912 0.165036
131 307916 0.117103 0.001185 0.112114
132 307925 0.11589 0.001161 0.111472
133 307931 0.074161 0.000756 0.070114
134 307945 0.16244 0.002243 0.154248
135 307954 0.146021 0.001369 0.140678
136 307961 0.098485 0.001009 0.093732
137 307974 0.165401 0.001679 0.160161
138 307984 0.124595 0.001355 0.117237
139 307987 0.047199 0.000426 0.045045
140 307998 0.142929 0.001471 0.138552
141 308010 0.15405 0.001702 0.148545
142 308018 0.103045 0.001126 0.098267
143 308033 0.210685 0.002152 0.205385
144 308044 0.157973 0.001503 0.152718
145 308055 0.141032 0.001587 0.135535
146 308063 0.121901 0.001339 0.1176
147 308071 0.119009 0.001276 0.113888
148 308085 0.184961 0.002056 0.179341
149 308100 0.180142 0.001994 0.174981
150 308106 0.09136 0.000838 0.087538
151 308114 0.125064 0.001125 0.121041
152 308123 0.152733 0.001291 0.148105
153 308131 0.135885 0.001137 0.132152
154 308140 0.130261 0.001305 0.12592
155 308158 0.268311 0.003173 0.261184
156 308167 0.193239 0.001804 0.187636
157 308171 0.078572 0.00085 0.073982
158 308180 0.138001 0.001361 0.134179
159 308188 0.14693 0.001234 0.141599
160 308195 0.12249 0.001103 0.119409
161 308203 0.133247 0.00125 0.128438
162 308212 0.160746 0.001405 0.156001
163 308224 0.192916 0.001872 0.188307
164 308233 0.16203 0.001451 0.157395
165 308238 0.084794 0.000818 0.081058
166 308244 0.134238 0.00104 0.130046
167 308257 0.178122 0.002181 0.172819
168 308275 0.278086 0.003051 0.27132
169 308287 0.210548 0.002233 0.205248
170 308298 0.174652 0.001832 0.170101
171 308321 0.381063 0.004048 0.373135
172 308327 0.139239 0.001231 0.134882
173 308330 0.067517 0.000519 0.064199
174 308340 0.204163 0.0018 0.199544
175 308353 0.246835 0.002189 0.241711
176 308363 0.190571 0.001727 0.185389
177 308374 0.234182 0.002419 0.228077
178 308378 0.100087 0.000793 0.097574
179 308388 0.221006 0.001883 0.215519
180 308395 0.160381 0.001242 0.156563
181 308402 0.140954 0.001202 0.137035
182 308414 0.206185 0.00206 0.201075
183 308419 0.117384 0.000861 0.11475
184 308434 0.253709 0.002699 0.24762
185 308449 0.251239 0.002707 0.245701
186 308458 0.181269 0.001681 0.176934
187 308470 0.248079 0.002165 0.243265
188 308474 0.113722 0.000881 0.107987
189 308475 0.028714 0.000203 0.027641
190 308478 0.064109 0.000525 0.060979
191 308481 0.081931 0.000621 0.079253
192 308483 0.057593 0.000416 0.054786
193 308487 0.100646 0.00077 0.096816
194 308490 0.079315 0.000589 0.077023
195 308497 0.180174 0.001448 0.174981
196 308499 0.057701 0.000388 0.055326
197 308502 0.083972 0.000561 0.081237
198 308505 0.085356 0.000579 0.082611
199 308513 0.144138 0.001557 0.139918
200 308523 0.26495 0.001968 0.25953
