1715255
1 873864 3.70844
2 1093303 1.12135
3 1202268 0.686047
4 1271326 0.514852
5 1320661 0.435728
6 1357992 0.400201
7 1387389 0.381407
8 1410603 0.31811
9 1429368 0.29295
10 1445368 0.276273
11 1458467 0.251832
12 1469574 0.241839
13 1479032 0.230232
14 1487296 0.215996
15 1494381 0.204365
16 1500674 0.196996
17 1506177 0.19614
18 1511200 0.195542
19 1515592 0.197147
20 1519525 0.181
21 1522995 0.175502
22 1526200 0.174326
23 1529107 0.169321
24 1531763 0.160651
25 1534205 0.159114
26 1536464 0.154934
27 1538509 0.159309
28 1540422 0.153399
29 1542316 0.156249
30 1544034 0.153583
31 1545602 0.147894
32 1547163 0.154145
33 1548545 0.145019
34 1549954 0.148245
35 1551090 0.142468
36 1552264 0.152311
37 1553357 0.147487
38 1554334 0.144771
39 1555335 0.142655
40 1556278 0.136808
41 1557159 0.144802
42 1558027 0.145407
43 1558827 0.14208
44 1559602 0.144069
45 1560377 0.139893
46 1561095 0.13988
47 1561830 0.141549
48 1562546 0.141426
49 1563233 0.144584
50 1563825 0.142963
51 1564411 0.144869
52 1564953 0.131897
53 1565494 0.134184
54 1566057 0.14006
55 1566596 0.130962
56 1567093 0.138728
57 1567609 0.144186
58 1568080 0.149825
59 1568499 0.134846
60 1568912 0.137799
61 1569330 0.142879
62 1569771 0.14233
63 1570184 0.145391
64 1570590 0.142068
65 1570987 0.144076
66 1571339 0.135157
67 1571710 0.14582
68 1572061 0.144328
69 1572415 0.152384
70 1572729 0.156834
71 1573033 0.149601
72 1573363 0.14288
73 1573661 0.13981
74 1573966 0.141592
75 1574217 0.136375
76 1574521 0.149156
77 1574804 0.150469
78 1575092 0.147928
79 1575350 0.145402
80 1575580 0.144189
81 1575827 0.142752
82 1576064 0.135676
83 1576311 0.149162
84 1576525 0.141001
85 1576747 0.14845
86 1576986 0.145918
87 1577212 0.14758
88 1577411 0.140091
89 1577602 0.146257
90 1577802 0.145691
91 1577978 0.144685
92 1578180 0.146708
93 1578397 0.1489
94 1578600 0.151269
95 1578803 0.142567
96 1578960 0.145279
97 1579154 0.146428
98 1579339 0.147818
99 1579503 0.150559
100 1579660 0.146911
101 1579843 0.146561
102 1580021 0.151246
103 1580177 0.149542
104 1580341 0.141334
105 1580487 0.155226
106 1580652 0.156491
107 1580805 0.147335
108 1580961 0.147614
109 1581101 0.145717
110 1581245 0.144217
111 1581382 0.14079
112 1581524 0.158486
113 1581671 0.155696
114 1581804 0.145637
115 1581937 0.149769
116 1582067 0.149058
117 1582185 0.146657
118 1582304 0.151525
119 1582419 0.164042
120 1582537 0.162021
121 1582671 0.173235
122 1582785 0.146262
123 1582902 0.141261
124 1583003 0.166188
125 1583133 0.165314
126 1583236 0.146235
127 1583357 0.150908
128 1583467 0.151766
129 1583564 0.15312
130 1583657 0.14853
131 1583766 0.146191
132 1583868 0.151825
133 1583965 0.153957
134 1584070 0.155407
135 1584160 0.145158
136 1584271 0.146963
137 1584347 0.15716
138 1584461 0.168246
139 1584570 0.175546
140 1584660 0.167294
141 1584748 0.165736
142 1584831 0.153873
143 1584914 0.154383
144 1584993 0.159816
145 1585092 0.166104
146 1585173 0.140884
147 1585257 0.149887
148 1585361 0.144758
149 1585449 0.15849
150 1585530 0.153887
151 1585605 0.156682
152 1585670 0.153197
153 1585743 0.150867
154 1585827 0.142305
155 1585894 0.161349
156 1585964 0.16691
157 1586029 0.166069
158 1586101 0.156498
159 1586177 0.160549
160 1586246 0.15568
161 1586314 0.174369
162 1586376 0.158687
163 1586440 0.16467
164 1586555 0.177783
165 1586646 0.167451
166 1586735 0.151892
167 1586815 0.155262
168 1586879 0.161362
169 1586964 0.16655
170 1587025 0.179125
171 1587088 0.172901
172 1587160 0.17983
173 1587221 0.163377
174 1587284 0.16684
175 1587346 0.158027
176 1587400 0.156861
177 1587456 0.166296
178 1587516 0.164399
179 1587570 0.165492
180 1587640 0.153501
181 1587684 0.179127
182 1587741 0.176029
183 1587781 0.171345
184 1587837 0.166116
185 1587883 0.157969
186 1587940 0.166413
187 1587992 0.163187
188 1588035 0.170651
189 1588089 0.160065
190 1588145 0.163005
191 1588186 0.160797
192 1588233 0.159626
193 1588288 0.160209
194 1588349 0.158935
195 1588396 0.183093
196 1588444 0.160961
197 1588491 0.173691
198 1588549 0.158417
199 1588587 0.173275
200 1588588 0.002577
