5242
1 1197
2 1543
3 2365
4 2973
5 3294
6 3500
7 3602
8 3838
10 3951
11 4087
12 4103
13 4142
14 4268
15 4331
16 4390
17 4471
19 4477
20 4539
21 4551
22 4577
23 4582
24 4612
26 4628
27 4631
28 4653
29 4657
30 4686
31 4692
32 4702
33 4717
34 4737
36 4738
37 4743
38 4750
39 4757
40 4771
41 4781
44 4824
48 4828
49 4831
52 4834
53 4836
56 4837
58 4838
59 4843
60 4851
65 4895
71 4902
73 4903
77 4904
80 4927
85 4941
91 4943
93 4945
94 4950
99 4951
100 4952
103 4953
108 4955
117 4957
133 4958
143 4959
161 4963
167 4970
168 4971
198 4977
222 4978
