1 875758
2 1101743
3 1214411
4 1283977
5 1332547
6 1367919
7 1395020
8 1416106
9 1432697
10 1446594
11 1457969
12 1467633
13 1475712
14 1482659
15 1488547
16 1493738
17 1498240
18 1502292
19 1505963
20 1509357
22 1514748
24 1519296
26 1523077
28 1526215
30 1529014
33 1532272
36 1534992
39 1537351
42 1538969
46 1541353
50 1542798
55 1544583
60 1545895
66 1547113
72 1548267
79 1549215
86 1549957
94 1550528
103 1550892
113 1551548
124 1551755
136 1551893
149 1552416
163 1552385
179 1552629
196 1552313
200 1552170
