1 873864
2 1091135
3 1195735
4 1260065
5 1305028
6 1338044
7 1363674
8 1383983
9 1399781
10 1413251
11 1424140
12 1433586
13 1441508
14 1447894
15 1453729
16 1458950
17 1463578
18 1467187
19 1470872
20 1474041
22 1479071
24 1483360
26 1486709
28 1489359
30 1492385
33 1495022
36 1497781
39 1499918
42 1501281
46 1503260
50 1504564
55 1506045
60 1506820
66 1507380
72 1507900
79 1508942
86 1508827
94 1508065
103 1508890
113 1508866
124 1509034
136 1508356
149 1508530
163 1508037
179 1507897
196 1506656
200 1507350
