1 1212
2 2336
3 3136
4 3624
5 3871
6 4065
7 4205
8 4300
9 4371
10 4417
11 4457
12 4473
13 4502
14 4541
15 4570
16 4598
17 4630
18 4630
19 4629
20 4657
21 4658
22 4675
23 4704
24 4708
25 4717
26 4712
27 4718
28 4725
29 4716
30 4720
31 4721
32 4717
33 4728
34 4766
35 4773
36 4779
37 4782
38 4784
39 4788
40 4787
41 4790
42 4799
43 4808
44 4828
45 4830
46 4827
47 4832
48 4839
49 4838
50 4838
51 4842
52 4840
53 4840
54 4848
55 4850
56 4841
57 4838
58 4834
59 4842
60 4845
61 4842
62 4839
63 4841
64 4838
65 4844
66 4840
67 4848
68 4854
69 4848
70 4844
71 4846
72 4845
73 4842
74 4845
75 4847
76 4852
77 4848
78 4841
79 4850
80 4848
81 4842
82 4839
83 4844
84 4847
85 4844
86 4844
87 4837
88 4839
89 4838
90 4842
91 4843
92 4842
93 4841
94 4843
95 4844
96 4841
97 4840
98 4840
99 4841
100 4842
101 4846
102 4853
103 4854
104 4843
105 4841
106 4838
107 4836
108 4840
109 4840
110 4846
111 4842
112 4846
113 4845
114 4844
115 4845
116 4849
117 4849
118 4849
119 4852
120 4846
121 4854
122 4855
123 4856
124 4866
125 4867
126 4857
127 4859
128 4861
129 4861
130 4862
131 4860
132 4857
133 4855
134 4858
135 4858
136 4855
137 4861
138 4851
139 4849
140 4855
141 4853
142 4849
143 4843
144 4847
145 4842
146 4846
147 4847
148 4852
149 4854
150 4847
151 4852
152 4843
153 4849
154 4850
155 4855
156 4858
157 4859
158 4854
159 4858
160 4855
161 4852
162 4847
163 4856
164 4849
165 4848
166 4854
167 4849
168 4852
169 4850
170 4850
171 4857
172 4857
173 4847
174 4852
175 4854
176 4849
177 4853
178 4852
179 4854
180 4854
181 4854
182 4853
183 4849
184 4853
185 4852
186 4855
187 4858
188 4855
189 4852
190 4849
191 4858
192 4852
193 4855
194 4853
195 4848
196 4851
198 4853
199 4853
200 4857
