1 785930
2 1217634
3 1511334
4 1730734
5 1900890
6 2036625
7 2147555
8 2239104
9 2315634
10 2381064
11 2436875
12 2485676
13 2527215
14 2564296
15 2596465
16 2625258
17 2650644
18 2674097
19 2694936
20 2714577
22 2746903
24 2774358
26 2797768
28 2817776
30 2835396
33 2857677
36 2875915
39 2890848
42 2904319
46 2919254
50 2931682
55 2944599
60 2955129
66 2965053
72 2973932
79 2981677
86 2988205
94 2994723
103 3000038
113 3004957
124 3009846
136 3014074
149 3017438
163 3020159
179 3023090
196 3025635
200 3026187
