1 873864
2 1092306
3 1198809
4 1265085
5 1311816
6 1346286
7 1373485
8 1395084
9 1412158
10 1426426
11 1438511
12 1448634
13 1457212
14 1464515
15 1470859
16 1476654
17 1481630
18 1485989
19 1490131
20 1493533
21 1496547
22 1499235
23 1501578
24 1503976
25 1506178
26 1508200
27 1510044
28 1511632
29 1513138
30 1514435
31 1515674
32 1517009
33 1518179
34 1519147
35 1520104
36 1520992
37 1521812
38 1522585
39 1523135
40 1524008
41 1524411
42 1525092
43 1525602
44 1526204
45 1526788
46 1527317
47 1527759
48 1528139
49 1528391
50 1528962
