1715255
1 873864
2 1093303
3 1202268
4 1271326
5 1320661
6 1357992
7 1387389
8 1410603
9 1429368
10 1445368
11 1458467
12 1469574
13 1479032
14 1487296
15 1494381
16 1500674
17 1506177
18 1511200
19 1515592
20 1519525
21 1522995
22 1526200
23 1529107
24 1531763
25 1534205
26 1536464
27 1538509
28 1540422
29 1542316
30 1544034
31 1545602
32 1547163
33 1548545
34 1549954
35 1551090
36 1552264
37 1553357
38 1554334
39 1555335
40 1556278
41 1557159
42 1558027
43 1558827
44 1559602
45 1560377
46 1561095
47 1561830
48 1562546
49 1563233
50 1563234
