1 873864
2 1091135
3 1195735
4 1260065
5 1305028
6 1338044
7 1363674
8 1383983
9 1399781
10 1413251
11 1424140
12 1433586
13 1441508
14 1447894
15 1453729
16 1458950
17 1463578
18 1467187
19 1470872
20 1474041
21 1476608
22 1479071
23 1481423
24 1483360
25 1485002
26 1486709
27 1488032
28 1489359
29 1490774
30 1492385
31 1493155
32 1494196
33 1495022
34 1496303
35 1496901
36 1497781
37 1498268
38 1499185
39 1499918
40 1500411
41 1500885
42 1501281
43 1501671
44 1502249
45 1502946
46 1503260
47 1503336
48 1503532
49 1503926
50 1504564
