1 67767
2 110961
3 149040
4 185881
5 221537
6 256451
7 291043
8 324835
9 357580
10 389466
11 419864
12 449055
13 476564
14 502634
15 527482
16 551016
17 573026
18 593659
19 612936
20 630838
21 647572
22 663480
23 677834
24 691494
25 704153
26 715911
27 726854
28 736925
29 746470
30 755163
31 763241
32 771255
33 778389
34 784737
35 790953
36 796755
37 801972
38 807074
39 811643
40 816421
41 820287
42 824035
43 827738
44 831006
45 834365
46 837564
47 840375
48 842980
49 845194
50 847373
51 849861
52 851968
53 854028
54 855986
55 857329
56 859298
57 860922
58 862242
59 863211
60 864045
61 865763
62 866460
63 867442
64 868434
65 869573
66 870460
67 871002
68 871625
69 872338
70 873277
71 873570
72 874314
73 874652
74 875349
75 875749
76 876394
77 876874
78 877143
79 877430
80 877578
81 878110
82 878660
83 878714
84 879254
85 879689
86 879382
87 879520
88 879813
89 880120
90 880465
91 880774
92 880872
93 881168
94 880777
95 880928
96 880766
97 881049
98 880978
99 880973
100 880803
101 880684
102 881002
103 881049
104 880704
105 881047
106 880756
107 880543
108 880463
109 880523
110 880273
111 880088
112 879642
113 879829
114 880013
115 880007
116 880139
117 880323
118 879922
119 880119
120 879809
121 880005
122 879913
123 879896
124 880024
125 879907
126 879770
127 879699
128 879699
129 879664
130 879455
131 879372
132 879084
133 878534
134 878706
135 878348
136 878200
137 878174
138 878329
139 878262
140 878031
141 877623
142 877124
143 876920
144 877066
145 876320
146 876502
147 876377
148 876042
149 876049
150 875428
151 875013
152 875060
153 874663
154 874394
155 874214
156 873820
157 873373
158 873358
159 874017
160 873095
161 872946
162 872853
163 872671
164 872531
165 872326
166 872285
167 871765
168 871569
169 871005
170 871278
171 871078
172 871110
173 870647
174 870249
175 869703
176 869420
177 869075
178 868684
179 868820
180 869024
181 868515
182 868531
183 868974
184 868187
185 868228
186 866880
187 866905
188 866447
189 866906
190 866913
191 866512
192 866120
193 866206
194 865763
195 866403
196 865934
197 866129
198 865614
199 865450
200 865216
